"species","x","y","wc2.1_2.5m_bio_1","wc2.1_2.5m_bio_10","wc2.1_2.5m_bio_11","wc2.1_2.5m_bio_12","wc2.1_2.5m_bio_13","wc2.1_2.5m_bio_14","wc2.1_2.5m_bio_15","wc2.1_2.5m_bio_16","wc2.1_2.5m_bio_17","wc2.1_2.5m_bio_18","wc2.1_2.5m_bio_19","wc2.1_2.5m_bio_2","wc2.1_2.5m_bio_3","wc2.1_2.5m_bio_4","wc2.1_2.5m_bio_5","wc2.1_2.5m_bio_6","wc2.1_2.5m_bio_7","wc2.1_2.5m_bio_8","wc2.1_2.5m_bio_9"
"background",1,1,-10.0358333587646,10.6153335571289,-28.5339984893799,251,41,6,59.8542366027832,117,23,107,23,9.24166584014893,17.2496395111084,1606.58239746094,19.4599990844727,-34.1159973144531,53.5759963989258,8.85866641998291,-28.5339984893799
"background",2,2,-4.34383344650269,11.6753330230713,-22.3526668548584,528,80,19,50.621280670166,226,62,215,69,9.81900024414062,20.0224323272705,1401.94995117188,19.6399993896484,-29.3999996185303,49.0400009155273,11.2526664733887,-21.5839996337891
"background",3,3,8.64633369445801,19.6206665039062,-3.01466679573059,1133,117,71,15.3279008865356,336,236,333,236,11.8246669769287,32.6359748840332,916.559753417969,27.1319999694824,-9.10000038146973,36.2320022583008,17.5926666259766,-3.01466679573059
"background",4,4,5.66033315658569,16.431999206543,-4.47200012207031,390,62,20,40.8202819824219,152,61,140,68,12.7693328857422,35.0343856811523,850.315124511719,25.7119998931885,-10.7360000610352,36.447998046875,13.9039993286133,0.410666644573212
"background",5,5,-1.05399990081787,14.8673334121704,-18.9953327178955,728,101,26,45.8055381774902,287,88,283,88,11.5793333053589,23.4001560211182,1369.11840820312,22.3839988708496,-27.1000003814697,49.484001159668,13.5240001678467,-18.9953327178955
"background",6,6,7.00166654586792,19.720666885376,-5.48399972915649,328,55,13,46.879337310791,139,44,87,44,15.7586669921875,35.2416725158691,1014.43743896484,30.4479999542236,-14.2679996490479,44.7159996032715,11.6920003890991,-5.48399972915649
"background",7,7,-4.03950023651123,12.3393335342407,-22.0473327636719,550,84,20,50.3136978149414,234,66,226,75,10.4616670608521,21.103982925415,1405.39868164062,20.3120002746582,-29.2600002288818,49.5719985961914,11.4099998474121,-21.054666519165
"background",8,8,12.4671669006348,23.7553329467773,0.244666531682014,1156,132,68,21.2519493103027,358,222,323,222,11.7616662979126,31.6377944946289,948.505737304688,30.7919998168945,-6.38400030136108,37.1759986877441,21.7553329467773,0.244666531682014
"background",9,9,9.95499992370605,19.2253322601318,0.138000011444092,1110,114,80,12.9109678268433,324,243,308,248,11.3066663742065,35.5555572509766,773.773620605469,25.7119998931885,-6.08799982070923,31.7999992370605,17.3933334350586,5.89200019836426
"background",10,10,3.1896665096283,12.6999998092651,-5.71066665649414,899,123,33,38.4916725158691,352,125,144,314,11.4273328781128,34.4944839477539,754.597412109375,22.5440006256104,-10.5839996337891,33.1279983520508,-5.13000011444092,12.3746662139893
"background",11,11,6.99583339691162,18.6853332519531,-4.49866676330566,419,73,16,47.0624008178711,176,55,113,55,15.5163335800171,37.331184387207,936.314819335938,29.1960010528564,-12.3680000305176,41.5640029907227,11.3393335342407,-4.49866676330566
"background",12,12,5.22066640853882,16.5133323669434,-5.08066654205322,304,39,16,28.2479915618896,108,51,80,51,13.8673334121704,36.4010238647461,880.808166503906,27.0399990081787,-11.0559997558594,38.0960006713867,8.6133337020874,-5.08066654205322
"background",13,13,-8.22433376312256,11.6780004501343,-27.1940002441406,268,43,8,47.4546928405762,110,33,105,44,7.75466632843018,15.1790370941162,1597.53955078125,18.1079998016357,-32.9799995422363,51.0879974365234,9.8100004196167,-20.1800003051758
"background",14,14,0.253166705369949,14.7906665802002,-16.5126667022705,465,93,17,66.1011428833008,233,54,233,60,12.4749994277954,25.8602828979492,1275.94372558594,22.3799991607666,-25.8599987030029,48.2399978637695,14.7906665802002,-6.15466690063477
"background",15,15,-5.87216663360596,12.3660001754761,-23.8733329772949,271,44,9,54.0443916320801,123,31,113,36,9.38633346557617,19.1074295043945,1494.80786132812,19.7600002288818,-29.3640003204346,49.1240005493164,10.4586668014526,-16.3040008544922
"background",16,16,8.8348331451416,20.7719993591309,-3.9353334903717,904,95,42,25.0895729064941,283,151,281,151,11.2063331604004,29.5712814331055,998.262329101562,28.0960006713867,-9.80000019073486,37.8959999084473,18.7999992370605,-2.55066680908203
"background",17,17,-15.6866664886475,-8.09933280944824,-20.5900001525879,1007,133,40,32.4239196777344,357,153,357,187,5.95799970626831,27.8463249206543,557.68408203125,-4.27600002288818,-25.6720008850098,21.3959999084473,-8.09933280944824,-19.4266662597656
"background",18,18,1.97066652774811,16.720666885376,-14.7366666793823,773,104,26,44.8123970031738,302,97,302,97,11.8806667327881,24.8196430206299,1271.23864746094,24.4160003662109,-23.4519996643066,47.8680000305176,16.720666885376,-14.7366666793823
"background",19,19,-1.66150009632111,8.74600028991699,-10.9219999313354,827,108,30,34.4372367858887,285,113,191,253,9.45300006866455,29.0789966583252,821.158752441406,14.8879995346069,-17.6200008392334,32.507999420166,-6.53600025177002,-3.02866649627686
"background",20,20,6.2814998626709,14.7626667022705,-1.85400009155273,707,121,11,67.3803176879883,349,50,50,319,12.2583332061768,38.5336761474609,676.740295410156,25.3479995727539,-6.46400022506714,31.8120002746582,-0.934000015258789,14.7626667022705
"background",21,21,-3.86183333396912,14.4566669464111,-23.3893337249756,427,74,15,55.4403114318848,194,53,194,55,10.2049999237061,19.4514331817627,1540.3349609375,21.8839988708496,-30.5799999237061,52.463996887207,14.4566669464111,-21.3500003814697
"background",22,22,9.53483295440674,20.9113330841064,-1.33600008487701,336,39,14,28.6623935699463,114,64,89,65,15.9849996566772,38.8513526916504,901.951049804688,31.4759998321533,-9.66800022125244,41.1440010070801,16.0440006256104,13.6440000534058
"background",23,23,-0.854166626930237,15.1380004882812,-18.542667388916,477,89,17,58.859676361084,225,54,225,57,10.6896667480469,22.1538314819336,1366.65051269531,21.92799949646,-26.3239994049072,48.2519989013672,15.1380004882812,-15.8146667480469
"background",24,24,9.79916667938232,21.6726665496826,-3.21000003814697,968,102,45,23.7743358612061,302,166,292,166,11.0609998703003,28.9554977416992,1005.00701904297,28.7080001831055,-9.49199962615967,38.2000007629395,19.7466678619385,-1.560666680336
"background",25,25,1.85483336448669,16.6433334350586,-15.1686668395996,420,77,13,60.1158638000488,202,51,202,53,12.0170001983643,25.9098739624023,1299.50573730469,23.988000869751,-22.3920001983643,46.3800010681152,16.6433334350586,-12.3159999847412
"background",26,26,20.5669994354248,30.3393325805664,11.0600004196167,344,48,4,48.0442352294922,115,22,89,111,14.3293333053589,41.237865447998,798.469787597656,38.7280006408691,3.98000001907349,34.7480010986328,30.0733337402344,23.7686672210693
"background",27,27,2.73950004577637,16.6653327941895,-12.8686666488647,324,65,9,70.3984146118164,165,34,165,36,13.621000289917,29.3202171325684,1201.09326171875,25.5400009155273,-20.9160003662109,46.4560012817383,16.6653327941895,-10.5013332366943
"background",28,28,16.9736671447754,27.0920009613037,6.26866674423218,1092,145,52,29.0738945007324,351,198,239,198,12.7880001068115,35.5064392089844,842.330200195312,34.5040016174316,-1.51199996471405,36.0160026550293,20.9340000152588,6.26866674423218
"background",29,29,-3.84333348274231,9.11666679382324,-16.0939998626709,590,73,19,31.30881690979,203,93,190,129,11.4219999313354,29.1139888763428,1041.85546875,16.6319999694824,-22.6000003814697,39.2320022583008,7.82999992370605,-10.4673337936401
"background",30,30,1.59300017356873,15.9626665115356,-14.9326667785645,786,102,31,34.5567359924316,280,117,280,119,12.5159997940063,25.7955474853516,1248.71618652344,24.3880004882812,-24.1319999694824,48.5200004577637,15.9626665115356,-13.1206665039062
"background",31,31,-4.74599981307983,14.0686664581299,-23.7446670532227,354,58,14,52.0569534301758,158,43,158,49,10.8753328323364,20.88037109375,1553.08911132812,22.0880012512207,-29.996000289917,52.0839996337891,14.0686664581299,-14.1466665267944
"background",32,32,-10.7036666870117,6.57933330535889,-27.8080005645752,223,37,7,55.7873344421387,100,22,87,22,7.06800031661987,15.3053274154663,1432.35925292969,12.9799995422363,-33.2000007629395,46.1800003051758,6.31933355331421,-27.8080005645752
"background",33,33,7.36733341217041,17.6346664428711,-1.15133321285248,354,42,12,31.8954830169678,120,47,47,109,13.1166667938232,38.7242164611816,766.783630371094,27.6599998474121,-6.21199989318848,33.8720016479492,-0.0740000382065773,17.6346664428711
"background",34,34,-11.3956670761108,8.99333381652832,-30.1806678771973,247,41,5,65.3581466674805,123,21,105,21,8.40666675567627,15.8796119689941,1622.17492675781,17.2880001068115,-35.6520004272461,52.9400024414062,8.02133369445801,-29.6060009002686
"background",35,35,-7.26933288574219,12.6806669235229,-27.3093318939209,339,55,12,50.8163261413574,146,42,140,43,9.82600021362305,18.0479030609131,1636.45727539062,20.1720008850098,-34.2719993591309,54.4440002441406,10.684666633606,-25.6073322296143
"background",36,36,3.19716668128967,17.0146675109863,-12.3933334350586,301,68,6,73.8989791870117,156,27,153,28,13.4630002975464,29.143217086792,1194.00744628906,25.6319999694824,-20.5639991760254,46.1959991455078,14.796667098999,-10.1239995956421
"background",37,37,19.238000869751,27.1666679382324,10.7159996032715,1473,151,90,14.3031549453735,406,308,375,392,11.5160007476807,39.8698234558105,669.855407714844,33,4.11599969863892,28.8840007781982,25.7106666564941,15.3793334960938
"background",38,38,4.57233333587646,15.3513336181641,-6.29266691207886,423,83,15,60.060863494873,187,48,164,48,12.8619995117188,34.2840385437012,882.218139648438,24.1639995574951,-13.3520002365112,37.515998840332,8.88000011444092,-6.29266691207886
"background",39,39,8.80633354187012,16.1386661529541,3.6713330745697,1677,295,6,83.1573638916016,853,44,61,768,14.1913328170776,49.5715141296387,531.038024902344,26.068000793457,-2.55999994277954,28.6280002593994,4.66066646575928,15.2973337173462
"background",40,40,-2.47000002861023,12.9479999542236,-18.511999130249,395,71,16,55.0657653808594,184,49,184,59,12.673999786377,26.637243270874,1302.3408203125,21.3640003204346,-26.2159996032715,47.5800018310547,12.9479999542236,-10.0153331756592
"background",41,41,2.45799994468689,16.3433322906494,-12.8546667098999,747,103,20,47.220157623291,295,80,295,80,12.4633331298828,27.2840042114258,1182.02416992188,24.3640003204346,-21.3159999847412,45.6800003051758,16.3433322906494,-12.8546667098999
"background",42,42,6.99866676330566,20.474666595459,-6.64133310317993,290,57,7,68.5899276733398,145,27,116,27,15.8146667480469,34.0305290222168,1091.53332519531,31.0359992980957,-15.4359998703003,46.4720001220703,17.6219997406006,-4.08799982070923
"background",43,43,18.0316677093506,26.1826667785645,9.35799980163574,1480,171,67,21.1529216766357,451,282,388,414,13.21399974823,43.177360534668,685.287170410156,32.9280014038086,2.32400012016296,30.6040019989014,10.8473329544067,18.7193336486816
"background",44,44,14.0248336791992,23.1299991607666,4.95266675949097,389,82,10,72.7715148925781,209,36,183,49,15.1770000457764,44.5857810974121,740.85009765625,31.1159992218018,-2.92400002479553,34.0400009155273,22.0893325805664,9.78800010681152
"background",45,45,-2.9723334312439,14.9913339614868,-21.9793338775635,295,42,15,30.933557510376,107,53,105,55,11.9973335266113,22.7791709899902,1519.73193359375,23.6680011749268,-29,52.6679992675781,12.8813333511353,-19.6800003051758
"background",46,46,1.24383330345154,14.7946662902832,-13.8953332901001,858,103,39,29.8361473083496,287,131,269,159,11.1956663131714,25.5096302032471,1166.42272949219,21.8400001525879,-22.0480003356934,43.8880004882812,13.8486661911011,-7.02866697311401
"background",47,47,2.63849997520447,13.2840003967285,-9.03133296966553,511,56,20,26.5143985748291,157,75,157,124,10.9763336181641,30.5135478973389,905.666137695312,20.6840000152588,-15.2880001068115,35.9720001220703,13.2840003967285,-1.95666658878326
"background",48,48,-4.30633354187012,13.8893337249756,-23.488000869751,494,80,17,53.2009468078613,216,57,212,59,11.4200000762939,22.0548477172852,1518.54174804688,22.0480003356934,-29.7320003509521,51.7799987792969,12.2906665802002,-21.2066669464111
"background",49,49,2.15016674995422,16.0433330535889,-13.0453338623047,726,99,20,46.8630294799805,286,79,286,79,12.0570001602173,26.8171710968018,1178.51245117188,23.9720001220703,-20.988000869751,44.9599990844727,16.0433330535889,-13.0453338623047
"background",50,50,3.53600001335144,14.5480003356934,-7.04333353042603,492,86,17,56.0041656494141,217,63,180,63,12.6459999084473,33.3245506286621,884.054748535156,23.6079998016357,-14.3400001525879,37.947998046875,11.8966665267944,-7.04333353042603
"background",51,51,4.79333305358887,19.1466674804688,-11.0179996490479,434,82,11,64.2350769042969,203,35,196,35,12.9773330688477,27.738826751709,1225.42443847656,27.6920013427734,-19.0920009613037,46.7840042114258,16.724666595459,-11.0179996490479
"background",52,52,15.5846672058105,25.445333480835,5.10999965667725,1395,144,83,19.0644397735596,420,263,298,363,12.1979999542236,36.0460968017578,819.866088867188,32.2040023803711,-1.6360000371933,33.8400039672852,15.5326671600342,21.3159999847412
"background",53,53,11.9583330154419,22.2113342285156,1.08333337306976,1158,135,77,17.3479194641113,352,250,335,259,13.7173337936401,38.0952377319336,854.631530761719,29.9079990386963,-6.09999990463257,36.007999420166,20.1373329162598,13.0699996948242
"background",54,54,1.28783321380615,16.5953330993652,-15.7813339233398,451,76,15,59.4877471923828,213,54,213,56,11.2383337020874,23.7777881622314,1315.9599609375,24.2159996032715,-23.0480003356934,47.2639999389648,16.5953330993652,-13.2259998321533
"background",55,55,2.74366664886475,10.3199996948242,-4.06333351135254,1987,276,87,42.1459197998047,768,271,291,651,6.97733354568481,29.8329639434814,598.811462402344,15.6359996795654,-7.7519998550415,23.3880004882812,-0.846666634082794,8.25266647338867
"background",56,56,-1.64433312416077,14.3339996337891,-19.5966663360596,694,103,22,48.531078338623,286,83,282,84,11.3786659240723,23.0973243713379,1371.69299316406,21.7840003967285,-27.4799995422363,49.2639999389648,12.9293336868286,-17.3246669769287
"background",57,57,14.5528335571289,23.8713321685791,5.81400012969971,357,68,7,66.9365234375,180,26,144,79,19.2189998626709,50.5869674682617,739.381103515625,33.9759979248047,-4.01599979400635,37.9919967651367,23.2639999389648,17.8360004425049
"background",58,58,9.23233318328857,22.2426662445068,-4.36800003051758,640,96,11,57.1890907287598,275,41,255,41,14.025333404541,32.5051765441895,1076.7333984375,30.4479999542236,-12.6999998092651,43.1479988098145,19.8666667938232,-4.36800003051758
"background",59,59,3.78533339500427,17.4553337097168,-10.8100004196167,371,71,13,59.8284759521484,177,50,167,50,12.8146667480469,28.9217891693115,1145.68041992188,26.1119995117188,-18.1960010528564,44.3079986572266,14.9833335876465,-2.81933307647705
"background",60,60,13.9464998245239,22.7486667633057,6.79400014877319,934,168,3,85.1911392211914,470,17,22,467,15.0816669464111,46.0312156677246,662.699768066406,33.2799987792969,0.516000032424927,32.7639999389648,7.34066677093506,22.1573333740234
"background",61,61,16.2940006256104,26.0986671447754,5.99866676330566,1404,148,85,17.8497257232666,422,302,310,316,13.3866672515869,38.0346260070801,812.29443359375,33.7400016784668,-1.4559999704361,35.1960029602051,16.257999420166,22.0726680755615
"background",62,62,6.42233324050903,18.9879989624023,-6.14666652679443,369,68,11,59.8067169189453,172,41,141,41,15.4673328399658,35.3522911071777,1015.51989746094,29.2479991912842,-14.503999710083,43.7519989013672,16.3253326416016,-6.14666652679443
"background",63,63,-1.29866671562195,15.4879999160767,-20.0260009765625,568,88,18,50.2808036804199,239,67,239,69,10.7653331756592,21.3937473297119,1436.78625488281,22.6159992218018,-27.7040004730225,50.3199996948242,15.4879999160767,-17.7666664123535
"background",64,64,7.70583343505859,20.6166667938232,-6.58200025558472,827,100,29,37.9664039611816,297,102,297,102,11.7729997634888,28.0978527069092,1096.60803222656,28.2999992370605,-13.6000003814697,41.9000015258789,20.6166667938232,-6.58200025558472
"background",65,65,-0.0461665838956833,14.7659997940063,-16.2546653747559,492,89,16,59.328685760498,230,53,230,57,11.3569993972778,24.7688217163086,1264.81286621094,21.7919998168945,-24.0599994659424,45.8519973754883,14.7659997940063,-13.692666053772
"background",66,66,15.3713331222534,26.3680000305176,3.75,1088,132,46,30.5855693817139,356,167,272,167,12.6326665878296,33.4941864013672,911.57177734375,33.7000007629395,-4.01599979400635,37.7159996032715,20.007999420166,3.75
"background",67,67,9.70616626739502,22.1326675415039,-2.13866662979126,403,75,7,73.7048645019531,213,23,183,23,16.4896659851074,37.9421691894531,984.310607910156,32.4799995422363,-10.9799995422363,43.4599990844727,19.3460006713867,-2.13866662979126
"background",68,68,5.2276668548584,17.2520008087158,-7.54866647720337,819,95,36,25.0503768920898,265,142,247,147,10.5393333435059,27.6043319702148,1012.65252685547,24.4119987487793,-13.7679996490479,38.1800003051758,13.0480003356934,-6.70199966430664
"background",69,69,-1.75883328914642,14.1793327331543,-19.7220001220703,635,92,24,44.0644683837891,252,82,252,102,11.8223333358765,23.3624477386475,1380.33093261719,22.503999710083,-28.1000003814697,50.6040000915527,14.1793327331543,-11.9646663665771
"background",70,70,8.44000053405762,20.0380001068115,-3.14666652679443,345,36,23,13.4549236297607,101,72,86,76,17.9853343963623,40.6026153564453,933.867492675781,31.9200000762939,-12.3759994506836,44.2959976196289,15.1120004653931,-0.750666677951813
"background",71,71,4.75899982452393,18.2439994812012,-10.5713338851929,809,115,22,50.0438842773438,328,80,322,80,12.5086669921875,27.6691436767578,1165.55444335938,26.1359996795654,-19.07200050354,45.2080001831055,17.2066669464111,-10.5713338851929
"background",72,72,0.683833420276642,9.52866649627686,-5.75466680526733,756,132,19,67.1428909301758,355,63,73,325,14.2376670837402,44.2053756713867,636.987243652344,19.2600002288818,-12.9479999542236,32.2080001831055,-4.33400011062622,8.3973331451416
"background",73,73,15.6706666946411,25.3673324584961,5.98733329772949,343,68,8,71.7711563110352,178,29,156,35,16.8973331451416,45.6832847595215,784.636596679688,33.923999786377,-3.06399989128113,36.9879989624023,24.1773338317871,7.81466674804688
"background",74,74,-10.6984996795654,8.99600028991699,-29.2733345031738,274,46,6,62.9963684082031,133,24,118,24,8.36233329772949,16.1809864044189,1585.14233398438,16.9160003662109,-34.7639999389648,51.6800003051758,8.28066635131836,-29.2733345031738
"background",75,75,4.2519998550415,14.0766668319702,-5.66533327102661,836,92,43,21.3276596069336,258,153,222,214,10.6160001754761,32.0570106506348,802.280639648438,21.8400001525879,-11.2760000228882,33.1160011291504,-1.0753333568573,0.136666715145111
"background",76,76,13.1676664352417,22.7526664733887,2.93799996376038,1341,128,83,11.5027666091919,368,291,346,332,12.3219995498657,36.9098968505859,798.811767578125,29.7360000610352,-3.64800000190735,33.3839988708496,20.7999992370605,18.9699993133545
"background",77,77,0.611333310604095,16.6119995117188,-16.5919990539551,516,77,17,51.9076347351074,223,60,223,60,9.65733337402344,20.5370311737061,1341.4609375,23.2000007629395,-23.8239994049072,47.0240020751953,16.6119995117188,-16.5919990539551
"background",78,78,17.9375,27.78733253479,7.5959997177124,631,99,24,44.8991889953613,223,84,185,84,14.1550006866455,39.063362121582,817.780517578125,35.492000579834,-0.744000017642975,36.2360000610352,23.6193332672119,8.57333374023438
"background",79,79,-0.194166660308838,14.6266660690308,-16.7180004119873,849,113,29,38.519401550293,316,117,299,132,10.4370002746582,22.7365798950195,1275.85327148438,21.9200000762939,-23.9839992523193,45.9039993286133,13.5426664352417,-9.84333324432373
"background",80,80,0.39683336019516,14.7833337783813,-15.8739995956421,818,98,40,29.1697483062744,273,133,264,144,12.0563335418701,25.6234245300293,1246.55639648438,22.6200008392334,-24.431999206543,47.052001953125,13.7080001831055,-8.25066661834717
"background",81,81,-11.4584999084473,9.61066627502441,-29.8726654052734,199,35,5,63.9058380126953,97,18,88,18,8.76433277130127,16.3367385864258,1634.5400390625,18.5400009155273,-35.1079978942871,53.6479988098145,7.91800022125244,-29.5113334655762
"background",82,82,-4.43283319473267,11.4073333740234,-21.0219993591309,526,88,24,46.0153656005859,226,76,226,88,11.929666519165,24.5385608673096,1333.31079101562,19.5279998779297,-29.0879993438721,48.6159973144531,11.4073333740234,-11.3446664810181
"background",83,83,9.75850009918213,20.9053325653076,-2.17533326148987,986,108,53,21.4286632537842,313,184,306,184,11.4056663513184,31.2586784362793,932.5712890625,28.2600002288818,-8.22799968719482,36.4879989624023,18.8093338012695,-2.17533326148987
"background",84,84,8.81433296203613,19.2220001220703,-0.710666656494141,270,33,9,34.018367767334,97,37,48,86,16.3706665039062,42.0277938842773,816.894836425781,31.5520000457764,-7.40000009536743,38.9519996643066,0.162666723132133,19.0133323669434
"background",85,85,-11.7363338470459,8.53533363342285,-30.1333332061768,265,51,7,63.6813278198242,131,25,116,27,7.15799999237061,13.8592004776001,1608.16186523438,16.2679996490479,-35.3800010681152,51.6480026245117,7.66866636276245,-30.0400009155273
"background",86,86,-6.77349996566772,11.7519998550415,-25.4553337097168,244,44,8,53.756275177002,107,31,94,36,8.3769998550415,16.8619155883789,1527.51000976562,18.8040008544922,-30.8759994506836,49.6800003051758,10.3806667327881,-18.3486671447754
"background",87,87,1.77983319759369,14.7413330078125,-12.7993335723877,458,80,19,54.1814270019531,212,60,212,73,11.3909997940063,27.2147369384766,1133.55895996094,21.8640003204346,-19.992000579834,41.8560028076172,14.7413330078125,-3.89466691017151
"background",88,88,-11.0124998092651,10.0106658935547,-29.5319995880127,224,41,7,59.7453536987305,105,22,96,22,7.89499950408936,15.1291580200195,1639.23425292969,17.3839988708496,-34.7999992370605,52.1839981079102,8.27199935913086,-29.5319995880127
"background",89,89,8.42049980163574,21.5499992370605,-6.16066694259644,838,110,23,44.6473007202148,320,85,320,85,11.0409994125366,26.2381172180176,1117.72827148438,28.7159996032715,-13.3640003204346,42.0800018310547,21.5499992370605,-6.16066694259644
"background",90,90,0.5881667137146,9.79133319854736,-7.17333316802979,653,72,43,16.8306274414062,200,138,173,138,13.6956663131714,41.2967872619629,711.896484375,19.1840000152588,-13.9799995422363,33.1640014648438,-1.87399995326996,-7.17333316802979
"background",91,91,19.1533336639404,26.7946662902832,11.010666847229,1671,195,95,20.8301849365234,526,329,526,392,11.8079996109009,41.6713714599609,644.834045410156,32.5839996337891,4.2480001449585,28.3359985351562,26.7946662902832,15.3413333892822
"background",92,92,8.05883312225342,19.2526664733887,-2.09599995613098,393,70,12,53.0501289367676,172,45,128,45,14.9503335952759,38.468334197998,867.643981933594,29.931999206543,-8.93200016021729,38.8639984130859,11.9106664657593,-2.09599995613098
"background",93,93,1.62383353710175,16.5713329315186,-15.8199996948242,403,73,12,61.2210311889648,196,49,196,51,11.951000213623,25.3456916809082,1323.10827636719,23.7919998168945,-23.3599987030029,47.1520004272461,16.5713329315186,-13.0306663513184
"background",94,94,5.5111665725708,12.5646667480469,-0.749333322048187,3388,472,110,46.7416839599609,1362,384,384,1126,6.8129997253418,30.6009712219238,555.485168457031,17.9799995422363,-4.28399991989136,22.2639999389648,2.27533340454102,12.5646667480469
"background",95,95,2.65350008010864,9.43400001525879,-3.77600002288818,2253,346,111,37.9573402404785,850,344,441,585,7.44899988174438,33.2782325744629,548.905700683594,14.5,-7.88399982452393,22.3839988708496,3.14400005340576,5.32666683197021
"background",96,96,11.1851663589478,19.6560001373291,3.65266680717468,231,33,7,44.375804901123,90,26,26,90,13.1963329315186,42.3285026550293,658.734619140625,29.4559993743896,-1.72000002861023,31.1759986877441,4.75133323669434,19.6560001373291
"background",97,97,4.07616662979126,18.7826671600342,-11.974666595459,445,82,12,59.9768524169922,202,43,190,43,12.7816667556763,26.9837589263916,1247.29565429688,27.2320003509521,-20.1359996795654,47.3680000305176,16.3366661071777,-11.974666595459
"background",98,98,15.7561664581299,24.7506675720215,6.63866662979126,403,88,9,76.587646484375,213,33,173,37,14.9010000228882,44.0180778503418,734.1962890625,32.4080009460449,-1.44400000572205,33.8520011901855,23.5833339691162,8.21066665649414
"background",99,99,4.44066667556763,14.9833335876465,-6.08533334732056,515,88,25,46.3457412719727,207,76,175,76,13.1666669845581,34.8841323852539,857.285461425781,24.0520000457764,-13.6920003890991,37.7439994812012,8.48466682434082,-6.08533334732056
"background",100,100,-0.652666628360748,15.0993337631226,-18.2519989013672,750,103,29,45.431713104248,287,89,280,89,11.8959999084473,24.1043930053711,1353.42163085938,23.0960006713867,-26.2560005187988,49.3520011901855,13.7200002670288,-18.2519989013672
"background",101,101,8.21950054168701,18.173999786377,-0.920000076293945,411,48,14,26.8892040252686,130,66,94,113,16.0643329620361,43.0402221679688,782.033203125,28.488000869751,-8.83600044250488,37.3240013122559,0.349999904632568,11.1313333511353
"background",102,102,6.67216682434082,21.0766658782959,-9.50333309173584,704,117,17,55.6654586791992,298,54,298,54,11.7370004653931,25.7254943847656,1238.57043457031,28.3959999084473,-17.2280006408691,45.6240005493164,21.0766658782959,-9.50333309173584
"background",103,103,18.4158325195312,26.6233329772949,9.50133323669434,790,114,37,38.9489288330078,272,123,212,123,13.6283330917358,41.8047027587891,695.232360839844,33.9519996643066,1.35199999809265,32.5999984741211,22.0266666412354,9.50133323669434
"background",104,104,-6.94766664505005,8.1899995803833,-22.6633338928223,239,41,9,54.2987251281738,106,28,96,31,8.30799961090088,19.640661239624,1297.30236816406,14.1999998092651,-28.1000003814697,42.2999992370605,7.61199998855591,-17.6033344268799
"background",105,105,8.52299976348877,18.2339992523193,-0.312666654586792,236,28,10,25.7146453857422,76,40,40,56,16.6919994354248,44.163402557373,758.421997070312,30.7360000610352,-7.05999994277954,37.7960014343262,10.6693334579468,18.2339992523193
"background",106,106,-9.19316673278809,10.4040002822876,-27.8406677246094,306,55,8,59.8497543334961,147,31,128,35,8.01433372497559,15.6212635040283,1576.70178222656,17.9039993286133,-33.4000015258789,51.3040008544922,9.53933334350586,-27.1246662139893
"background",107,107,-3.38150000572205,9.17666625976562,-15.4066667556763,335,54,7,47.1743049621582,139,39,139,72,11.5129995346069,28.9184169769287,1014.14501953125,16.8759994506836,-22.935998916626,39.8119964599609,9.17666625976562,-4.12466669082642
"background",108,108,3.28133320808411,12.3506669998169,-5.63533353805542,1558,219,63,41.1409225463867,569,211,245,500,8.04800033569336,28.9163551330566,734.560546875,18.5599994659424,-9.27200031280518,27.8320007324219,-1.55200004577637,10.493332862854
"background",109,109,17.6386661529541,27.6119995117188,7.22466659545898,660,90,25,39.7040901184082,223,92,187,96,14.1180000305176,38.7388877868652,823.638122558594,35.4039993286133,-1.03999996185303,36.4440002441406,22.0200004577637,8.27200031280518
"background",110,110,0.993833363056183,15.3946666717529,-15.3079996109009,791,90,40,23.9566383361816,257,139,245,153,12.7069997787476,26.5215396881104,1246.41589355469,23.5799999237061,-24.3319988250732,47.9119987487793,14.2953338623047,-7.6486668586731
"background",111,111,7.31866693496704,18.1533336639404,-2.98066663742065,304,34,14,27.4954128265381,97,47,47,86,15.3120002746582,38.7802658081055,860.004089355469,29.9080009460449,-9.57600021362305,39.484001159668,-1.64800012111664,18.1533336639404
"background",112,112,16.5948333740234,26.1919994354248,6.77066707611084,403,65,9,64.391845703125,187,34,175,37,17.0809993743896,45.6223297119141,790.5947265625,34.8400001525879,-2.59999990463257,37.439998626709,25.1126651763916,8.68400001525879
"background",113,113,2.6233332157135,18.203332901001,-15.1166667938232,579,106,18,58.6768188476562,261,66,261,68,12.1253337860107,24.3637142181396,1347.32604980469,26.1440010070801,-23.6240005493164,49.7680015563965,18.203332901001,-12.496000289917
"background",114,114,10.0746669769287,21.9753341674805,-1.5239999294281,434,79,9,68.7771224975586,220,29,188,29,16.2719993591309,38.5848426818848,955.600891113281,31.4680004119873,-10.7039995193481,42.1720008850098,19.449333190918,-1.5239999294281
"background",115,115,4.52916669845581,17.5573329925537,-9.76266670227051,771,98,24,40.6011962890625,278,91,273,91,12.4443330764771,28.7610549926758,1111.14501953125,25.564001083374,-17.7040004730225,43.2680015563965,16.71266746521,-9.76266670227051
"background",116,116,15.9830007553101,25.0413341522217,7.11333322525024,330,74,4,78.8924102783203,182,20,149,69,19.3420009613037,50.9053573608398,733.890441894531,35.2200012207031,-2.77600002288818,37.9960021972656,24.3593330383301,19.5713329315186
"background",117,117,2.96283340454102,18.0573329925537,-13.7340002059937,462,79,12,62.9773597717285,215,43,215,43,12.5503330230713,26.4976215362549,1294.39099121094,25.8039989471436,-21.5599994659424,47.3639984130859,18.0573329925537,-13.7340002059937
"background",118,118,7.70216655731201,18.2006664276123,-2.76866674423218,515,67,27,31.0464611053467,182,83,103,162,13.4263334274292,36.1778755187988,849.288696289062,29.3239994049072,-7.78800010681152,37.1119995117188,-2.10733342170715,17.5846672058105
"background",119,119,12.1051664352417,21.8626670837402,1.87600004673004,1177,124,81,13.0775594711304,347,261,334,261,12.5396671295166,37.2937965393066,808.952514648438,28.9640007019043,-4.65999984741211,33.6240005493164,19.9373340606689,1.87600004673004
"background",120,120,6.93816661834717,17.9853324890137,-3.70000004768372,357,64,12,55.0514640808105,156,45,131,45,14.139666557312,36.2369728088379,876.586059570312,28.2119998931885,-10.8079996109009,39.0200004577637,15.3826665878296,-3.70000004768372
"background",121,121,19.4156665802002,27.3253326416016,10.8586673736572,1575,154,115,9.76953506469727,433,356,388,420,11.7146673202515,40.3453178405762,670.070129394531,33.2000007629395,4.16400003433228,29.0360012054443,11.9499998092651,24.1940002441406
"background",122,122,6.46283340454102,17,-4.30200004577637,285,38,14,26.6969795227051,91,50,58,69,17.8003330230713,42.0255279541016,862.649169921875,29.6359996795654,-12.7200002670288,42.3559989929199,9.61400032043457,16.9200000762939
"background",123,123,5.76100015640259,17.4513339996338,-6.89266681671143,214,34,12,40.1727752685547,85,39,67,39,16.296667098999,37.3879661560059,977.883850097656,28.988000869751,-14.6000003814697,43.5880012512207,10.7133331298828,-4.13600015640259
"background",124,124,-3.18616652488708,14.2320003509521,-21.9979991912842,508,84,17,53.4027709960938,222,57,222,62,11.335000038147,22.297191619873,1469.427734375,22.1560001373291,-28.6800003051758,50.8359985351562,14.2320003509521,-19.6760005950928
"background",125,125,1.49950003623962,15.1073331832886,-13.510666847229,972,109,55,20.6238231658936,296,174,269,213,12.2736663818359,27.1998634338379,1164.47216796875,23.003999710083,-22.1200008392334,45.1240005493164,10.039999961853,-6.65333318710327
"background",126,126,9.36966705322266,18.3973331451416,1.07999992370605,383,50,11,37.7771606445312,139,44,52,124,14.1319999694824,41.559814453125,711.356018066406,29.576000213623,-4.42799997329712,34.0040016174316,1.65000009536743,18.2959995269775
"background",127,127,7.39566659927368,20.2959995269775,-5.17666673660278,376,67,13,54.8571281433105,170,45,127,45,15.8273334503174,35.1499786376953,1026.72546386719,31.07200050354,-13.956000328064,45.0279998779297,12.4026670455933,-5.17666673660278
"background",128,128,18.5144996643066,27.0219993591309,8.98666667938232,523,76,17,44.3621520996094,196,64,164,64,14.5769996643066,42.7678680419922,735.079162597656,34.2519989013672,0.167999997735023,34.0839996337891,23.9060001373291,10.0913333892822
"background",129,129,5.16266679763794,16.9306659698486,-5.6933331489563,511,87,17,55.4864807128906,230,59,187,59,12.6593332290649,32.9807548522949,923.783081054688,25.5799999237061,-12.8039999008179,38.3839988708496,8.97466659545898,-5.6933331489563
"background",130,130,-1.75100016593933,14.1386661529541,-19.8973331451416,589,93,21,50.2349548339844,247,72,247,89,11.6573333740234,22.8593082427979,1391.20556640625,22.3799991607666,-28.6160011291504,50.9960021972656,14.1386661529541,-12.2066669464111
"background",131,131,7.75050020217896,20.5726661682129,-4.80466651916504,345,63,10,59.5653343200684,160,36,121,36,15.8850002288818,35.5719261169434,1026.02893066406,30.988000869751,-13.6680002212524,44.6560020446777,12.8986663818359,-4.80466651916504
"background",132,132,5.40883350372314,15.67799949646,-4.11666679382324,352,49,20,25.9328804016113,120,72,104,72,16.2049999237061,41.9601249694824,810.649169921875,26.3959999084473,-12.2239999771118,38.6199989318848,15.4800004959106,-4.11666679382324
"background",133,133,16.0656661987305,25.0440006256104,6.70333337783813,1288,143,86,15.5576286315918,390,269,310,354,12.5240001678467,39.1766738891602,741.318786621094,31.9640007019043,-0.00400000018998981,31.9680004119873,8.256667137146,16.6246662139893
"background",134,134,6.27950000762939,13.0566673278809,0.393999963998795,1937,296,56,51.6391143798828,830,204,209,730,7.97566699981689,35.3030586242676,524.896423339844,19.6240005493164,-2.96799993515015,22.5920009613037,0.791333317756653,12.746000289917
"background",135,135,9.13983345031738,21.2533340454102,-2.14666676521301,452,81,10,68.7997589111328,227,30,193,30,16.2049999237061,38.3822822570801,952.385314941406,31.496000289917,-10.7239999771118,42.2200012207031,18.4953327178955,-2.14666676521301
"background",136,136,1.04566669464111,13.7480001449585,-12.8013334274292,482,85,21,52.4568901062012,218,69,218,70,10.3100004196167,26.1781425476074,1096.20642089844,20.6240005493164,-18.7600002288818,39.3840026855469,13.7480001449585,-4.8120002746582
"background",137,137,13.5289993286133,24.6313323974609,2.56666660308838,461,73,10,60.4293556213379,205,38,201,38,15.92799949646,39.9919662475586,893.490661621094,33.4679985046387,-6.3600001335144,39.8279991149902,22.3646659851074,2.56666660308838
"background",138,138,9.99883270263672,20.8886661529541,-0.476666659116745,206,25,7,31.2122783660889,70,29,36,64,16.6049995422363,41.0405349731445,867.431274414062,32.9879989624023,-7.47200012207031,40.4599990844727,0.100666560232639,20.4053325653076
"background",139,139,11.7243337631226,24.0633335113525,-0.235333278775215,493,76,12,58.0949859619141,222,40,208,40,16.1746673583984,37.6260032653809,984.567993164062,33.7480010986328,-9.23999977111816,42.9879989624023,21.4860000610352,-0.235333278775215
"background",140,140,17.7910003662109,26.4833335876465,8.56933307647705,1434,158,80,21.5666046142578,427,262,291,422,12.6053333282471,39.9256744384766,728.03125,33.0319976806641,1.46000003814697,31.5719985961914,10.0913333892822,23.1153335571289
"background",141,141,18.3341674804688,26.9820003509521,9.11933326721191,1443,159,81,21.917121887207,434,262,289,422,12.4370002746582,39.5981903076172,724.778869628906,33.4360008239746,2.02799987792969,31.4080009460449,10.6599998474121,23.4619998931885
"background",142,142,-6.33349990844727,10.2666664123535,-21.5139999389648,370,63,11,51.5801620483398,164,42,164,64,11.5769996643066,24.1650657653809,1319.49462890625,18.4839992523193,-29.423999786377,47.9079971313477,10.2666664123535,-14.2533330917358
"background",143,143,-2.03550004959106,14.970666885376,-20.9073333740234,499,77,17,51.3661766052246,216,59,216,64,11.8050003051758,22.7369041442871,1456.35290527344,22.7679996490479,-29.1520004272461,51.9199981689453,14.970666885376,-18.6133327484131
"background",144,144,-1.98233330249786,8.45600032806396,-11.0699996948242,861,94,42,21.2230453491211,258,152,258,218,15.4253330230713,40.371997833252,808.742248535156,17.996000289917,-20.2119998931885,38.2080001831055,8.45600032806396,-0.682000041007996
"background",145,145,11.1119995117188,23.9966659545898,-2.11399984359741,700,104,13,54.5672569274902,284,51,265,51,13.8213338851929,32.3351440429688,1054.29809570312,32.5439987182617,-10.1999998092651,42.7439994812012,21.3966674804688,-2.11399984359741
"background",146,146,-5.52850008010864,13.8553333282471,-25.1719989776611,224,45,5,71.0652694702148,119,18,119,27,12.3223333358765,22.6230697631836,1613.74279785156,22.5440006256104,-31.923999786377,54.4680023193359,13.8553333282471,-14.6259994506836
"background",147,147,18.8973331451416,27.792667388916,9.44466686248779,1028,118,53,22.6659202575684,302,193,193,233,13.0260000228882,39.220760345459,744.043151855469,35.2120018005371,2,33.2120018005371,19.6286659240723,27.792667388916
"background",148,148,0.348833411931992,14.5766668319702,-16.5,488,97,16,66.5605926513672,245,58,245,61,12.2936668395996,25.1919403076172,1273.03662109375,22.1960010528564,-26.6040000915527,48.8000030517578,14.5766668319702,-13.6246662139893
"background",149,149,3.11566662788391,18.0846672058105,-13.6960000991821,391,72,13,59.8161354064941,185,48,178,49,12.0093336105347,25.471565246582,1290.60693359375,25.8319988250732,-21.3159999847412,47.1479988098145,15.8353328704834,-11.0766668319702
"background",150,150,11.3781671524048,21.0566673278809,1.28933334350586,1077,106,76,11.0004844665527,301,230,286,230,12.6643333435059,37.4507141113281,799.814147949219,28.4400005340576,-5.37599992752075,33.8160018920898,19.1386661529541,1.28933334350586
"background",151,151,6.68933343887329,17.3640003204346,-4.21799993515015,953,103,60,19.0772876739502,300,186,248,203,7.48400020599365,23.5405120849609,891.926818847656,22.2000007629395,-9.59200000762939,31.7919998168945,10.0773334503174,-1.32200002670288
"background",152,152,12.0881662368774,23.2133331298828,1.50866663455963,405,70,8,65.2318267822266,189,25,184,25,17.0289993286133,41.906192779541,881.6064453125,32.8559989929199,-7.78000020980835,40.6359977722168,20.8379993438721,1.50866663455963
"background",153,153,-3.00933313369751,13.9026670455933,-21.4953327178955,599,89,21,48.4452705383301,252,74,240,80,11.1006669998169,21.8534259796143,1440.76037597656,21.996000289917,-28.7999992370605,50.7959976196289,12.6806669235229,-20.0419998168945
"background",154,154,9.60966682434082,19.1793327331543,0.912666618824005,408,57,12,38.1385040283203,141,52,141,106,14.5813331604004,42.1718330383301,747.470458984375,28.7159996032715,-5.8600001335144,34.576000213623,19.1793327331543,11.5579996109009
"background",155,155,2.26999998092651,12.1686668395996,-8.42199993133545,509,56,21,26.6161823272705,160,78,145,132,11.5513334274292,33.4278678894043,837.570739746094,19.8039989471436,-14.7519998550415,34.5559997558594,-2.99666666984558,-2.03200006484985
"background",156,156,6.96733331680298,16.1280002593994,-0.871333301067352,461,56,11,38.238395690918,159,50,50,145,14.4433336257935,42.8280563354492,702.518188476562,27.003999710083,-6.71999979019165,33.7239990234375,-0.0533333607017994,16.1280002593994
"background",157,157,12.3391666412354,23.3299999237061,1.7886666059494,416,72,8,66.2011947631836,194,26,194,26,16.3990001678467,41.1167411804199,872.153076171875,32.6759986877441,-7.20799970626831,39.8839988708496,23.3299999237061,1.7886666059494
"background",158,158,3.77649998664856,15.5900001525879,-8.92866706848145,407,82,13,65.3706665039062,195,40,180,40,13.2469997406006,32.5415153503418,1001.166015625,23.5880012512207,-17.1200008392334,40.7080001831055,13.5606670379639,-8.92866706848145
"background",159,159,17.5176658630371,26.1319999694824,8.4573335647583,1522,171,86,21.2717266082764,464,278,344,449,13.804666519165,42.7972030639648,718.162536621094,33.1640014648438,0.907999992370605,32.2560005187988,10.0453329086304,22.6466674804688
"background",160,160,-4.88000011444092,14.1059999465942,-23.9406661987305,283,43,10,43.8615531921387,114,36,109,50,11.1319999694824,20.9500160217285,1561.90209960938,22.3400001525879,-30.7959995269775,53.1360015869141,11.8566665649414,-15.3053331375122
"background",161,161,4.85599994659424,15.1280002593994,-5.10066652297974,1166,147,68,30.8638515472412,433,221,238,390,8.80733299255371,28.1780567169189,822.656799316406,22.7080001831055,-8.54800033569336,31.2560005187988,-4.40933322906494,4.65399980545044
"background",162,162,13.8056669235229,24.5033340454102,2.31733322143555,1196,122,74,17.0819625854492,355,267,274,267,13.3500003814697,35.250316619873,893.664367675781,32.560001373291,-5.3120002746582,37.8720016479492,13.6866664886475,2.31733322143555
"background",163,163,-3.96583342552185,8.42533302307129,-15.481333732605,619,104,25,47.2449913024902,264,85,264,104,10.9429998397827,28.9711952209473,992.386596679688,15.543999671936,-22.2280006408691,37.7719993591309,8.42533302307129,-10.1473331451416
"background",164,164,17.4998340606689,28.060001373291,6.58133316040039,632,89,22,44.9902458190918,220,79,188,80,15.0783338546753,39.168571472168,868.603149414062,36.3920021057129,-2.10399985313416,38.4960021972656,23.5746669769287,7.68133354187012
"background",165,165,16.8656673431396,22.9546661376953,12.0446662902832,429,83,2,87.1916732788086,237,11,20,220,14.7466659545898,54.5768585205078,448.936279296875,31.9919986724854,4.97200012207031,27.019998550415,12.203332901001,22.0653324127197
"background",166,166,7.40666675567627,18.054666519165,-2.43199992179871,357,41,14,30.0022926330566,110,49,49,100,15.6940002441406,40.3030319213867,839.601867675781,29.7520008087158,-9.1879997253418,38.9400024414062,5.41800022125244,18.054666519165
"background",167,167,14.800666809082,25.3646678924561,3.62666654586792,1190,126,73,18.0095024108887,360,253,253,268,13.4206666946411,36.0150985717773,875.251953125,33.3800010681152,-3.8840000629425,37.2639999389648,14.7493333816528,25.3646678924561
"background",168,168,3.67516684532166,11.6579999923706,-4.16133308410645,1144,162,47,50.4023361206055,474,146,156,409,9.44833374023438,33.372184753418,649.317199707031,18.9680004119873,-9.3439998626709,28.3120002746582,0.108000107109547,9.43533325195312
"background",169,169,5.37150001525879,12.4586668014526,-1.00133335590363,3212,482,151,36.6133613586426,1171,486,515,911,5.85566663742065,28.3594856262207,559.397338867188,16.7480010986328,-3.90000009536743,20.6480007171631,2.0973334312439,10.779333114624
"background",170,170,-5.74016666412354,8.89133358001709,-20.2379989624023,539,81,25,37.8865242004395,207,82,207,101,12.2969999313354,27.6138515472412,1199.49365234375,16.6840000152588,-27.8479995727539,44.5319976806641,8.89133358001709,-12.9786672592163
"background",171,171,8.92500019073486,22.3520011901855,-5.37533330917358,603,90,12,53.4695320129395,253,48,233,48,13.2666664123535,30.5261535644531,1121.27551269531,30.2800006866455,-13.1800003051758,43.4599990844727,20.1726665496826,-5.37533330917358
"background",172,172,10.7688331604004,21.541332244873,0.446666717529297,244,46,11,55.4392318725586,115,35,96,35,18.0083332061768,44.0560073852539,854.936340332031,32.2039985656738,-8.67199993133545,40.8759994506836,20.7360000610352,0.446666717529297
"background",173,173,17.1963329315186,26.1773338317871,7.81400012969971,1426,162,86,19.128345489502,440,276,324,403,13.0433330535889,40.2920227050781,745.178283691406,33,0.628000020980835,32.3720016479492,9.42533302307129,22.5233325958252
"background",174,174,17.175666809082,26.5233325958252,7.35333347320557,1371,140,85,14.9103364944458,394,279,292,371,13.1706666946411,39.437858581543,775.147583007812,33.4959983825684,0.100000001490116,33.3959999084473,17.1253337860107,22.6533336639404
"background",175,175,21.9673328399658,30.4320011138916,13.9060001373291,214,47,1,72.0543899536133,106,7,84,55,17.0540008544922,50.3424263000488,683.132934570312,39.3279991149902,5.4520001411438,33.8759994506836,30.4153327941895,24.2360000610352
"background",176,176,20.0481662750244,31.7973327636719,8.99266624450684,146,20,3,43.3078918457031,54,14,34,46,13.951000213623,36.0044364929199,932.967895507812,41.0120010375977,2.26399993896484,38.7480010986328,11.007999420166,24.0753326416016
"background",177,177,-4.07016658782959,10.7293329238892,-19.8840007781982,515,77,23,39.0244827270508,203,74,203,96,11.5909996032715,25.0410461425781,1257.97509765625,18.3479995727539,-27.9400005340576,46.2880020141602,10.7293329238892,-10.300666809082
"background",178,178,9.56266689300537,22.8279991149902,-4.92866659164429,708,103,15,53.5695533752441,292,53,267,53,12.5066661834717,29.2731647491455,1121.98999023438,30.2080001831055,-12.5159997940063,42.7239990234375,20.792667388916,-4.92866659164429
"background",179,179,19.6113338470459,27.3146667480469,11.1579999923706,1528,144,105,12.146092414856,423,325,415,386,10.9806671142578,38.8999099731445,659.333557128906,32.9599990844727,4.73199987411499,28.2279987335205,25.982666015625,15.768666267395
"background",180,180,10.4988327026367,21.8659992218018,-1.84133327007294,1044,118,61,20.6316947937012,326,203,299,203,11.9343328475952,31.8248882293701,957.004211425781,29.2479991912842,-8.2519998550415,37.5,19.8920001983643,-1.84133327007294
"background",181,181,4.79533338546753,16.6933326721191,-7.59266662597656,794,96,36,25.8874473571777,260,128,233,159,10.6893329620361,28.0236301422119,999.373474121094,24.3519992828369,-13.7919998168945,38.1439971923828,12.6893339157104,-3.27333331108093
"background",182,182,12.6978330612183,22.4393329620361,2.61199998855591,1066,106,74,11.9405908584595,296,228,290,228,12.5536670684814,37.4110946655273,800.945373535156,29.6719989776611,-3.8840000629425,33.5559997558594,20.4913330078125,2.61199998855591
"background",183,183,2.05900001525879,14.7573337554932,-12.2740001678467,482,78,19,51.7982788085938,220,61,220,83,11.8553333282471,28.520336151123,1107.26049804688,22.0400009155273,-19.5279998779297,41.568000793457,14.7573337554932,-3.78666687011719
"background",184,184,4.40133333206177,18.8286666870117,-11.558666229248,434,86,12,64.8874740600586,206,38,190,38,13.4653329849243,28.2908916473389,1235.82080078125,27.7080001831055,-19.8880004882812,47.5960006713867,16.5179996490479,-11.558666229248
"background",185,185,18.6871662139893,28.0139999389648,8.88066673278809,978,126,49,25.8244152069092,297,190,190,214,12.936333656311,37.954273223877,775.893127441406,35.3759994506836,1.29199993610382,34.0839996337891,22.4926662445068,28.0139999389648
"background",186,186,4.42000007629395,19.0860004425049,-11.593334197998,367,62,9,64.3730621337891,176,32,165,32,13.2519998550415,27.9578056335449,1244.68322753906,27.7040004730225,-19.6960010528564,47.4000015258789,16.7126655578613,-11.593334197998
"background",187,187,7.75766658782959,21.1513328552246,-7.18066644668579,794,104,21,47.7560386657715,304,77,303,77,11,25.5599975585938,1142.96826171875,28.3599987030029,-14.6759996414185,43.0359992980957,19.9720001220703,-7.18066644668579
"background",188,188,5.61833333969116,17.4193325042725,-6.53133344650269,230,34,12,34.796501159668,87,43,76,46,16.1100006103516,37.1917991638184,966.274536132812,29.2679996490479,-14.0480003356934,43.3160018920898,14.5726661682129,-4.10066652297974
"background",189,189,6.45100021362305,18.6240005493164,-5.43866682052612,357,67,10,63.4108428955078,171,37,141,37,15.1586666107178,35.8564338684082,973.712036132812,28.7080001831055,-13.5679998397827,42.2760009765625,15.9113330841064,-5.43866682052612
"background",190,190,12.2515001296997,24.253999710083,0.859333276748657,213,27,7,29.7491188049316,73,33,54,50,15.1909999847412,37.0910263061523,948.388427734375,34.4519996643066,-6.50400018692017,40.9560012817383,18.9566669464111,16.6006660461426
"background",191,191,8.84249973297119,19.0273323059082,-1.59133338928223,309,55,9,60.5335731506348,151,33,36,139,13.7349996566772,38.1146621704102,837.156127929688,29.1840000152588,-6.85200023651123,36.0359992980957,-0.984000027179718,18.6153335571289
"background",192,192,-10.8229999542236,8.89000034332275,-28.7066669464111,233,41,8,57.3275566101074,107,26,99,27,7.15666675567627,14.5377969741821,1563.24291992188,15.4359998703003,-33.7919998168945,49.2280006408691,7.6486668586731,-28.1826667785645
"background",193,193,13.1029996871948,24.8953323364258,1.82933342456818,179,25,5,35.687385559082,65,26,51,38,13.7993335723877,35.3357925415039,935.224365234375,34.4440002441406,-4.60799980163574,39.052001953125,23.9680004119873,17.507999420166
"background",194,194,8.23916625976562,20.0240001678467,-3.69600009918213,907,91,59,12.2042827606201,253,189,243,200,8.57100009918213,24.4689960479736,966.417541503906,26.4479999542236,-8.57999992370605,35.0279998779297,19.3426666259766,-3.0993332862854
"background",195,195,-11.1280002593994,9.63599967956543,-29.2906665802002,219,40,6,60.4647827148438,103,21,94,21,7.80600023269653,15.1290798187256,1618.29748535156,17.0319995880127,-34.5639991760254,51.5960006713867,8.04666709899902,-29.2906665802002
"background",196,196,9.6051664352417,20.681999206543,-0.650000095367432,215,29,8,28.0142955780029,69,35,41,56,17.2789993286133,41.484203338623,868.336181640625,33.5359992980957,-8.11600017547607,41.6520004272461,12.6753330230713,20.3333339691162
"background",197,197,3.30233335494995,17.3366661071777,-12.5446662902832,337,60,11,60.0124397277832,157,39,157,40,12.8073329925537,28.160364151001,1210.21423339844,25.6040000915527,-19.8759994506836,45.4799995422363,17.3366661071777,-10.1546669006348
"background",198,198,2.46933341026306,17.992000579834,-15.3193330764771,583,101,17,57.3507194519043,264,65,264,68,11.6759996414185,23.8188495635986,1352.60229492188,25.6520004272461,-23.3680000305176,49.0200004577637,17.992000579834,-12.7073335647583
"background",199,199,8.95650005340576,19.4419994354248,-0.645333290100098,269,34,9,34.9058036804199,97,36,47,85,16.4643325805664,42.0265808105469,823.754211425781,31.8239994049072,-7.35200023651123,39.1759986877441,0.214000105857849,19.246000289917
"background",200,200,0.490166574716568,14.8633327484131,-15.7973337173462,826,99,40,27.3261394500732,277,139,262,147,12.5629997253418,26.1991157531738,1244.84704589844,22.9200000762939,-25.0319995880127,47.9519996643066,13.7699995040894,-14.2766666412354
"background",201,201,-5.56366682052612,13.1040000915527,-24.4799995422363,416,67,13,55.759521484375,187,47,181,49,10.3966665267944,19.8910751342773,1522.06640625,20.8839988708496,-31.3839988708496,52.2679977416992,11.0853328704834,-22.4213333129883
"background",202,202,13.871166229248,23.8819999694824,3.59666681289673,1094,104,75,9.46815586090088,296,247,289,255,13.2583332061768,38.0549163818359,818.942199707031,31.3479995727539,-3.49200010299683,34.8400001525879,23.2173328399658,5.25799989700317
"background",203,203,6.51333332061768,20.593334197998,-8.26200008392334,370,80,8,71.5567855834961,185,28,165,28,13.8760004043579,29.9387245178223,1167.74145507812,29.8479995727539,-16.5,46.3479995727539,18.0266666412354,-8.26200008392334
"background",204,204,1.76316666603088,16.6046676635742,-15.5159997940063,399,67,14,54.2115173339844,180,52,180,53,12.2036666870117,25.8398971557617,1310.06018066406,24.0799999237061,-23.1480007171631,47.2280006408691,16.6046676635742,-12.7146673202515
"background",205,205,10.4758338928223,23.2859992980957,-2.9653332233429,687,108,11,57.6166191101074,290,45,260,45,13.3903331756592,31.8090400695801,1059.40979003906,31.2959995269775,-10.8000001907349,42.0960006713867,20.9906673431396,-2.9653332233429
"background",206,206,7.67816638946533,17.2999992370605,-2.48000001907349,1353,138,100,10.1912202835083,382,311,360,311,10.7410001754761,33.1676139831543,804.303161621094,23.57200050354,-8.8120002746582,32.3840026855469,15.4233331680298,-2.48000001907349
"background",207,207,4.17933320999146,17.6853332519531,-10.5486669540405,378,77,11,61.0399398803711,179,44,169,44,12.9546670913696,29.1587886810303,1141.84619140625,26.2240009307861,-18.2040004730225,44.4280014038086,15.304666519165,-10.5486669540405
"background",208,208,17.8508338928223,26.7393341064453,8.46866703033447,1263,142,73,15.8971214294434,353,261,273,338,13.2276668548584,40.7456436157227,740.886169433594,33.6640014648438,1.20000004768372,32.4640007019043,21.6633338928223,26.2973327636719
"background",209,209,9.14866638183594,20.3246669769287,-0.864000022411346,270,30,14,22.333517074585,82,49,70,49,16.3819999694824,40.8284339904785,865.174499511719,31.4879989624023,-8.63599967956543,40.1240005493164,15.796667098999,-0.864000022411346
"background",210,210,-6.82766675949097,9.8120002746582,-22.6073341369629,481,77,23,44.4899291992188,196,73,196,77,11.6633329391479,24.4268531799316,1340.47106933594,17.8759994506836,-29.8719997406006,47.7480010986328,9.8120002746582,-14.782000541687
"background",211,211,-9.64433288574219,-0.271333336830139,-17.0480003356934,1126,135,47,28.9579811096191,380,173,368,284,7.80599975585938,29.4255123138428,713.695861816406,4.15199995040894,-22.3759994506836,26.5279998779297,-1.14866673946381,-11.547999382019
"background",212,212,5.69583320617676,13.0249996185303,-1.00833332538605,2206,344,101,40.2176628112793,857,325,404,577,6.22499990463257,28.1038379669189,577.505249023438,17.75,-4.40000009536743,22.1499996185303,5.94999980926514,8.32499980926514
"background",213,213,-4.59566640853882,13.1693334579468,-22.423999786377,292,42,12,37.6868286132812,111,46,107,51,10.452000617981,20.8140830993652,1470.32409667969,21.1760005950928,-29.0400009155273,50.2160034179688,12.0346670150757,-14.8540000915527
"background",214,214,6.66216659545898,20.9400005340576,-9.07600021362305,561,90,10,58.1068229675293,242,35,242,35,12.7116670608521,27.4953861236572,1217.31372070312,29.2320003509521,-17,46.2320022583008,20.9400005340576,-9.07600021362305
"background",215,215,8.67733287811279,22.2573337554932,-4.88533306121826,434,77,9,64.877326965332,211,30,178,30,15.6079998016357,34.1501846313477,1100.73657226562,32.1279983520508,-13.576000213623,45.7039985656738,19.4060001373291,-4.88533306121826
"background",216,216,2.57216668128967,15.3159999847412,-11.6946668624878,473,92,16,65.1248550415039,235,58,235,58,11.6383333206177,28.5926055908203,1106.06359863281,21.931999206543,-18.7719993591309,40.7039985656738,15.3159999847412,-3.98866677284241
"background",217,217,12.1789999008179,22.1973342895508,1.65933322906494,1187,131,80,14.9148893356323,357,262,345,262,12.5693330764771,36.8299751281738,830.071044921875,29.2919998168945,-4.83599996566772,34.1279983520508,20.2313327789307,1.65933322906494
"background",218,218,10.2823333740234,22.6026668548584,-1.64800000190735,146,22,5,36.0380744934082,52,20,37,20,14.703332901001,35.0446472167969,974.854309082031,33.3400001525879,-8.61600017547607,41.9560012817383,14.8540000915527,-1.64800000190735
"background",219,219,7.79099988937378,18.3780002593994,-2.34266662597656,784,98,38,23.8651390075684,252,141,244,141,8.66533279418945,27.0859375,862.167175292969,24.8920001983643,-7.09999990463257,31.992000579834,15.4499998092651,-2.34266662597656
"background",220,220,5.93899965286255,13.4879999160767,-1.02533328533173,1947,300,47,58.6842269897461,890,176,192,802,9.5533332824707,36.3797912597656,601.571655273438,21.431999206543,-4.82800006866455,26.2599983215332,-0.600000023841858,13.3733329772949
"background",221,221,0.663833379745483,16.0806674957275,-16.5866661071777,506,85,16,53.5862007141113,221,60,221,60,12.063666343689,24.6660404205322,1325.30505371094,23.7999992370605,-25.1079998016357,48.9079971313477,16.0806674957275,-16.5866661071777
"background",222,222,18.7426662445068,26.4893341064453,10.4626665115356,1668,188,83,19.0619525909424,491,333,491,419,12.5806674957275,42.9491577148438,654.574951171875,32.7080001831055,3.41600012779236,29.2919998168945,26.4893341064453,19.4693336486816
"background",223,223,-8.08950042724609,12.0093336105347,-27.3566665649414,323,52,10,52.4116554260254,141,35,132,35,9.63099956512451,17.8815441131592,1616.66271972656,19.8640003204346,-33.9959983825684,53.8600006103516,10.3413333892822,-27.3566665649414
"background",224,224,-3.42533326148987,10.7560005187988,-18.2113342285156,331,61,8,55.9261283874512,150,35,146,55,12.4446668624878,27.1196537017822,1179.67138671875,19.1720008850098,-26.7159996032715,45.8880004882812,9.05200004577637,-9.90533351898193
"background",225,225,0.368833392858505,14.9546661376953,-16.1053333282471,830,94,43,22.6797046661377,266,144,255,175,13.0843334197998,26.7398281097412,1260.73217773438,23.492000579834,-25.4400005340576,48.931999206543,13.8880004882812,-8.29133319854736
"background",226,226,-0.84333324432373,7.56266689300537,-8.48133373260498,829,101,48,24.9040927886963,279,164,167,234,12.3073329925537,39.5479850769043,673.448486328125,16.2000007629395,-14.9200000762939,31.1200008392334,-5.06933355331421,-2.2793333530426
"background",227,227,11.456000328064,23.6866664886475,-0.339999914169312,435,73,8,65.8091583251953,208,27,191,27,16.4599990844727,38.3682975769043,975.406799316406,33.5,-9.39999961853027,42.9000015258789,21.1040000915527,-0.339999914169312
"background",228,228,12.0555000305176,20.941333770752,3.99799990653992,586,85,10,45.1866340637207,208,49,208,169,17.2110004425049,48.0110473632812,701.022705078125,31.4039993286133,-4.44400024414062,35.8479995727539,20.941333770752,13.9653329849243
"background",229,229,17.9656658172607,27.0226669311523,8.46066665649414,1372,141,79,17.6664161682129,393,263,280,392,12.467999458313,38.7541961669922,752.601501464844,33.6440010070801,1.47200000286102,32.1720008850098,17.966667175293,26.4099998474121
"background",230,230,1.97966659069061,14.2526664733887,-11.5780000686646,482,77,22,49.5324974060059,217,68,217,82,11.3846664428711,28.4844532012939,1063.45935058594,21.2840003967285,-18.6840000152588,39.9680023193359,14.2526664733887,-3.79466676712036
"background",231,231,11.0229997634888,22.8493328094482,-2.21466660499573,1024,115,50,24.7115211486816,327,174,319,174,11.3146667480469,29.4837055206299,1013.41644287109,29.7000007629395,-8.67599964141846,38.3759994506836,21.0499992370605,-2.21466660499573
"background",232,232,2.43199992179871,18.1746673583984,-15.5526666641235,531,87,17,51.3296127319336,229,67,229,67,11.7560005187988,23.9234848022461,1369.12890625,25.6040000915527,-23.5359992980957,49.1399993896484,18.1746673583984,-15.5526666641235
"background",233,233,2.37150001525879,17.185998916626,-14.3653335571289,429,77,13,59.5157699584961,201,53,201,54,11.8529996871948,24.9557857513428,1281.08361816406,25.0559997558594,-22.4400005340576,47.4960021972656,17.185998916626,-11.8186664581299
"background",234,234,17.9293327331543,27.7993335723877,8.96466636657715,217,35,3,48.5161209106445,77,20,60,70,13.8213338851929,40.6988639831543,783.738342285156,36.6279983520508,2.66799998283386,33.9599990844727,9.83866691589355,20.2959995269775
"background",235,235,-8.26466655731201,9.87466621398926,-24.6406669616699,351,63,11,59.456111907959,172,39,172,58,12.3999996185303,24.5953674316406,1439.61560058594,18.2919998168945,-32.1240005493164,50.4160003662109,9.87466621398926,-17.9966659545898
"background",236,236,1.29716658592224,16.7940006256104,-16.2113342285156,634,97,19,51.7210693359375,271,74,271,74,10.5143337249756,22.0685348510742,1331.26379394531,23.7560005187988,-23.8880004882812,47.6440010070801,16.7940006256104,-16.2113342285156
"background",237,237,5.81949996948242,15.8053331375122,-3.51133322715759,311,60,8,60.1239814758301,144,31,141,31,16.5143337249756,43.2402954101562,786.096374511719,25.92799949646,-12.2639999389648,38.1920013427734,14.9913330078125,-3.51133322715759
"background",238,238,-5.73083353042603,13.2039995193481,-25.2046661376953,421,69,12,54.5185852050781,184,47,179,50,10.5763330459595,20.04612159729,1557.89770507812,20.8239994049072,-31.935998916626,52.7599983215332,11.3466663360596,-23.050666809082
"background",239,239,5.08549976348877,17.5599994659424,-8.41533374786377,813,104,38,25.603343963623,264,139,234,143,11.0609998703003,27.484842300415,1058.61108398438,25.507999420166,-14.7360000610352,40.2439994812012,16.7813339233398,-7.55533313751221
"background",240,240,5.57100009918213,17.8766670227051,-7.50133323669434,367,62,15,46.1100196838379,145,55,134,56,13.6046667098999,32.559513092041,1030.44140625,26.7840003967285,-15,41.7840003967285,15.6120004653931,-0.619999945163727
"background",241,241,7.82383346557617,18.9680004119873,-2.12999987602234,361,64,11,55.5953216552734,163,35,132,35,15.1536664962769,39.3356513977051,861.372131347656,29.3880004882812,-9.13599967956543,38.5240020751953,16.0926666259766,-2.12999987602234
"background",242,242,4.99599981307983,15.6026668548584,-5.27799987792969,420,44,25,17.727201461792,123,80,116,80,16.5993328094482,41.0143661499023,859.69580078125,27.0599994659424,-13.4119997024536,40.4720001220703,15.5053329467773,-5.27799987792969
"background",243,243,19.2886657714844,25.0233325958252,14.010666847229,192,40,1,79.0793228149414,103,6,15,98,14.3899993896484,56.0358276367188,445.979156494141,32.1199989318848,6.44000005722046,25.6799983978271,14.6553335189819,22.5633335113525
"background",244,244,18.7743339538574,26.720666885376,10.3186664581299,1659,163,86,16.7695236206055,471,320,418,468,12.9359998703003,42.8685035705566,668.536437988281,33.1840019226074,3.00799989700317,30.1760025024414,11.7859992980957,19.2886657714844
"background",245,245,7.51733303070068,17.5580005645752,-2.16799998283386,267,35,10,34.9962043762207,99,38,46,89,15.6086664199829,40.8561058044434,803.180603027344,29.7520008087158,-8.45199966430664,38.2040023803711,-1.189333319664,17.5086669921875
"background",246,246,0.29816660284996,15.423999786377,-17.2026672363281,761,99,32,35.6003265380859,272,110,272,110,12.9523334503174,25.5127906799316,1318.130859375,23.8079986572266,-26.9599990844727,50.7679977416992,15.423999786377,-17.2026672363281
"background",247,247,17.3428344726562,26.7746677398682,7.35133361816406,506,87,16,51.6105155944824,191,60,155,60,15.9356670379639,43.2940292358398,789.455810546875,34.9120025634766,-1.89600002765656,36.8080024719238,22.6959991455078,7.35133361816406
"background",248,248,15.2798328399658,26.8899993896484,3.26599979400635,908,129,27,39.5797653198242,325,109,263,109,13.0243330001831,33.1914710998535,954.220764160156,34.7319984436035,-4.50799989700317,39.2399978637695,20.0933322906494,3.26599979400635
"background",249,249,-2.17366671562195,14.2433338165283,-19.5359992980957,397,72,17,53.8456726074219,183,54,183,57,13.1459999084473,26.0502529144287,1397.00573730469,22.8959999084473,-27.568000793457,50.4640007019043,14.2433338165283,-9.80399990081787
"background",250,250,14.6575002670288,22.6866664886475,8.03133392333984,371,74,1,92.7759399414062,207,6,10,203,13.1723337173462,45.2906532287598,606.681823730469,31.2439994812012,2.16000008583069,29.0839996337891,8.50733375549316,22.1813335418701
"background",251,251,11.9759998321533,22.4039993286133,0.867333352565765,1094,123,74,17.0916728973389,334,232,321,240,13.5453329086304,37.3437728881836,870.650329589844,30.068000793457,-6.2039999961853,36.2719993591309,20.3453330993652,13.1040000915527
"background",252,252,9.91800022125244,21.9053344726562,-3.30266666412354,955,110,39,27.190242767334,312,151,302,151,11.5346660614014,29.6277256011963,1017.18060302734,29.1800003051758,-9.7519998550415,38.931999206543,19.9939994812012,-3.30266666412354
"background",253,253,-4.0078330039978,12.3986663818359,-22.2080001831055,531,80,20,50.7817573547363,226,63,217,71,9.97366714477539,20.0387096405029,1420.98107910156,20.2679996490479,-29.503999710083,49.7719993591309,11.6619997024536,-21.4266662597656
"background",254,254,8.58450031280518,19.9993324279785,-1.74866688251495,387,73,10,63.1530113220215,187,32,150,32,16.3076667785645,40.429557800293,885.786254882812,30.7759990692139,-9.5600004196167,40.3359985351562,17.2719993591309,-1.74866688251495
"background",255,255,3.69933342933655,12.1579999923706,-3.63133335113525,523,72,17,36.6876678466797,198,70,70,181,15.0120000839233,44.0492973327637,651.574157714844,24.2600002288818,-9.81999969482422,34.0800018310547,-2.55533337593079,12.1579999923706
"background",256,256,14.3468332290649,26.4986667633057,1.84066665172577,743,101,20,43.6038360595703,276,73,253,73,13.9943332672119,33.809268951416,995.326843261719,35.1040000915527,-6.28800010681152,41.3919982910156,23.9613342285156,1.84066665172577
"background",257,257,9.72833347320557,20.550666809082,-1.66199994087219,980,102,63,14.6650476455688,292,199,279,199,11.6760005950928,32.7168807983398,898.922668457031,27.9120006561279,-7.77600002288818,35.6879997253418,18.4613342285156,-1.66199994087219
"background",258,258,2.29416656494141,10.1800003051758,-4.93466663360596,1285,174,63,38.2726364135742,492,205,205,407,10.2243337631226,37.1092224121094,629.926452636719,17.3120002746582,-10.2399997711182,27.5520000457764,-1.63200008869171,10.1800003051758
"background",259,259,6.1875,20.4479999542236,-8.77933311462402,375,77,9,68.869010925293,185,31,166,31,14.2069997787476,30.3984088897705,1183.55322265625,29.8640003204346,-16.8719997406006,46.7360000610352,17.8786659240723,-8.77933311462402
"background",260,260,-1.51800000667572,15.0273332595825,-19.9659996032715,593,90,18,51.3231658935547,253,68,253,72,10.7613334655762,21.5934944152832,1414.3896484375,22.2040004730225,-27.6319999694824,49.8359985351562,15.0273332595825,-17.6406669616699
"background",261,261,-2.15283346176147,10.0200004577637,-14.5279998779297,579,74,18,32.9242095947266,200,79,196,134,11.0970001220703,28.6329860687256,1001.44329833984,17.3560009002686,-21.3999996185303,38.7560005187988,8.81466674804688,-7.5479998588562
"background",262,262,-9.73649978637695,10.8839998245239,-28.3080005645752,271,43,7,57.6728973388672,124,26,112,26,9.47033309936523,17.5675849914551,1603.92370605469,19.8080005645752,-34.0999984741211,53.9079971313477,8.99866676330566,-27.3526668548584
"background",263,263,-5.07283306121826,14.0946664810181,-23.9346656799316,332,55,9,56.7638511657715,152,34,152,47,10.1770000457764,19.718282699585,1572.71179199219,21.6319999694824,-29.9799995422363,51.6119995117188,14.0946664810181,-14.6353330612183
"background",264,264,13.3765001296997,17.2919998168945,9.36999988555908,1013,210,3,92.375862121582,548,13,21,548,13.4289999008179,61.0964546203613,325.313659667969,25.4599990844727,3.48000001907349,21.9799995422363,9.36999988555908,16.7800006866455
"background",265,265,10.6536664962769,22.0146675109863,-1.72533345222473,1072,122,63,21.1958961486816,336,206,309,206,11.4873332977295,31.0032749176025,959.439514160156,29.007999420166,-8.04400062561035,37.052001953125,20.0846672058105,-1.72533345222473
"background",266,266,8.93833351135254,21.8466663360596,-5.40199995040894,891,113,30,38.5741195678711,314,108,314,108,11.4680004119873,27.6151027679443,1096.97253417969,29.068000793457,-12.460000038147,41.5279998779297,21.8466663360596,-5.40199995040894
"background",267,267,17.8251667022705,27.1866664886475,7.86399984359741,433,76,13,53.160457611084,174,49,133,50,15.9010000228882,43.4074058532715,785.761840820312,35.1599998474121,-1.47200000286102,36.6319999694824,23.0566673278809,9.89599990844727
"background",268,268,17.1278324127197,26.7813320159912,7.02066659927368,1172,129,57,21.6441650390625,347,237,240,257,13.0690002441406,37.7149963378906,800.73779296875,34.007999420166,-0.643999993801117,34.6520004272461,16.8893337249756,26.3246650695801
"background",269,269,16.8593330383301,26.7333335876465,6.22599983215332,1331,142,68,21.5709342956543,406,240,267,353,11.7453327178955,34.8195571899414,831.900695800781,33.3279991149902,-0.404000014066696,33.7319984436035,16.8453330993652,22.7293338775635
"background",270,270,1.16383326053619,14.3666667938232,-13.9073333740234,526,101,21,64.9723815917969,266,66,266,76,12.0109996795654,27.6572723388672,1153.0791015625,21.3279991149902,-22.1000003814697,43.4280014038086,14.3666667938232,-5.29466676712036
"background",271,271,-2.30400013923645,13.2159996032715,-19.3666667938232,393,67,17,52.399227142334,178,51,178,57,11.6306667327881,24.4918003082275,1336.00708007812,20.9160003662109,-26.57200050354,47.4879989624023,13.2159996032715,-9.63933372497559
"background",272,272,7.4156665802002,21.2006664276123,-8.00066661834717,738,112,14,55.1963119506836,305,50,305,50,11.6466665267944,26.773946762085,1183.46923828125,28.2999992370605,-15.1999998092651,43.5,21.2006664276123,-8.00066661834717
"background",273,273,4.38833332061768,19.2353324890137,-11.9840002059937,430,88,7,70.889778137207,209,27,206,27,12.3406667709351,26.0659561157227,1267.81579589844,27.2679996490479,-20.076000213623,47.3440017700195,16.775333404541,-11.9840002059937
"background",274,274,9.46000003814697,20.3606662750244,-0.633333206176758,217,30,7,30.4289932250977,72,33,38,57,17.982666015625,42.6169967651367,852.758850097656,33.439998626709,-8.75599956512451,42.1959991455078,12.8520002365112,19.771333694458
"background",275,275,11.6531667709351,18.1633338928223,6.19333362579346,1750,312,10,77.9641342163086,880,61,75,826,12.4863328933716,47.9579544067383,489.022003173828,27.8479995727539,1.81200003623962,26.0359992980957,6.55200004577637,17.5799999237061
"background",276,276,19.1106662750244,28.0459995269775,9.60733318328857,942,127,51,27.9496536254883,295,181,181,193,12.9213342666626,38.8588180541992,746.326416015625,35.4160003662109,2.16400003433228,33.2519989013672,22.8293323516846,28.0459995269775
"background",277,277,-7.91216659545898,11.6146669387817,-26.5646667480469,270,43,8,46.9138946533203,110,33,107,47,7.35366678237915,14.7438993453979,1571.77331542969,17.8959999084473,-31.9799995422363,49.8759994506836,9.97599983215332,-19.7653331756592
"background",278,278,8.90933322906494,20.783332824707,-3.70933318138123,946,105,42,23.3477916717529,293,160,283,169,11.2299995422363,29.743616104126,989.384094238281,28.4400005340576,-9.31599998474121,37.7560005187988,19.771333694458,-2.33200001716614
"background",279,279,10.5904998779297,23.3266658782959,-1.99400007724762,551,90,11,63.3882484436035,261,37,238,37,15.5063333511353,35.7255859375,1026.80688476562,32.6119995117188,-10.7919998168945,43.4039993286133,20.6280002593994,-1.99400007724762
"background",280,280,0.429833352565765,15.3146667480469,-16.1560001373291,771,103,24,40.9468231201172,292,101,269,113,9.15366649627686,20.3632030487061,1286.80773925781,22.1879997253418,-22.7639999389648,44.9519996643066,14.2919998168945,-15.1293334960938
"background",281,281,17.7903327941895,26.3053321838379,8.32400035858154,570,75,21,41.0821838378906,202,74,176,75,14.996000289917,43.5676956176758,730.723815917969,33.8199996948242,-0.600000023841858,34.4199981689453,23.0753326416016,9.42466640472412
"background",282,282,12.1776666641235,24.2013339996338,0.315333366394043,473,77,9,63.7167091369629,221,32,208,32,15.8333330154419,37.4168968200684,967.318237304688,33.5639991760254,-8.7519998550415,42.3159980773926,21.695333480835,0.315333366394043
"background",283,283,-2.61100006103516,13.9133329391479,-21.0879993438721,628,92,21,48.2844924926758,263,77,255,82,11.5533332824707,22.7463645935059,1422.41943359375,22.0160007476807,-28.7759990692139,50.7919998168945,12.6639995574951,-19.3273334503174
"background",284,284,-6.76783323287964,10.0966663360596,-22.4726657867432,490,78,22,46.2494735717773,205,69,205,78,10.9650001525879,23.1798572540283,1354.41674804688,17.992000579834,-29.3120002746582,47.3040008544922,10.0966663360596,-14.8586664199829
"background",285,285,-1.19900000095367,15.4573335647583,-19.6459999084473,476,72,16,54.1829719543457,211,55,211,60,10.771333694458,21.6988983154297,1422.75231933594,22.6119995117188,-27.0279998779297,49.6399993896484,15.4573335647583,-17.0593338012695
"background",286,286,6.18083333969116,14.9306669235229,-2.13800001144409,452,73,11,57.8013000488281,209,44,50,186,16.9930000305176,46.2168197631836,698.457885742188,27.931999206543,-8.83599948883057,36.7679977416992,-1.59399998188019,14.7493333816528
"background",287,287,19.0219993591309,26.711332321167,10.7926664352417,1655,176,87,17.666051864624,486,333,474,424,11.457332611084,40.3825340270996,650.980102539062,32.4720001220703,4.09999990463257,28.3719997406006,26.3713340759277,15.173999786377
"background",288,288,-2.96183323860168,14.3380002975464,-21.7939987182617,508,82,16,53.6830711364746,222,56,222,60,11.7670001983643,23.1106147766113,1464.44104003906,22.4599990844727,-28.4559993743896,50.9160003662109,14.3380002975464,-19.1233329772949
"background",289,289,17.2826671600342,27.3213329315186,8.04866695404053,109,24,1,79.2777786254883,58,4,7,56,16.568000793457,43.2088470458984,791.544616699219,37.8680000305176,-0.476000010967255,38.3440017700195,8.57800006866455,24.7233333587646
"background",290,290,-3.54733347892761,14.2200002670288,-22.546667098999,439,78,15,57.7892036437988,204,51,204,54,10.2173328399658,19.9277057647705,1495.29333496094,21.42799949646,-29.8439998626709,51.2719993591309,14.2200002670288,-20.4053344726562
"background",291,291,17.796667098999,28.0486679077148,8.30200004577637,104,21,1,72.2568817138672,52,4,8,52,16.695333480835,42.9097671508789,810.123291015625,38.560001373291,-0.348000019788742,38.9080009460449,8.30200004577637,25.5839996337891
"background",292,292,6.39666652679443,21.0106658935547,-9.11866664886475,415,76,8,63.6402473449707,189,28,176,28,13.4926662445068,28.7518463134766,1221.86108398438,29.8079986572266,-17.1200008392334,46.9280014038086,18.4639987945557,-9.11866664886475
"background",293,293,4.88399982452393,16.4873332977295,-6.46266651153564,209,27,9,33.9851570129395,74,30,68,30,15.0139999389648,36.932991027832,937.302795410156,27.7199993133545,-12.9320001602173,40.6520004272461,13.25,-6.46266651153564
"background",294,294,15.6911668777466,25.492000579834,5.45533323287964,1427,158,79,19.6616230010986,436,306,324,306,13.0856666564941,37.6111373901367,812.624938964844,32.7680015563965,-2.0239999294281,34.7919998168945,15.4499998092651,5.45533323287964
"background",295,295,5.88216686248779,16.9693336486816,-5.58066701889038,305,55,11,54.0304374694824,136,35,130,35,18.1883335113525,41.2546119689941,909.583801269531,27.988000869751,-16.1000003814697,44.0880012512207,16.3020000457764,-5.58066701889038
"background",296,296,-1.26916670799255,10.8326663970947,-13.760666847229,558,84,20,40.6395606994629,218,76,218,111,10.8716669082642,27.7225284576416,1007.85675048828,17.8640003204346,-21.3519992828369,39.2159996032715,10.8326663970947,-6.45866680145264
"background",297,297,13.0016670227051,24.3439998626709,0.864666700363159,1069,124,40,30.1212272644043,348,154,299,154,12.3819999694824,32.1176605224609,945.782836914062,31.7919998168945,-6.76000022888184,38.552001953125,17.7406673431396,0.864666700363159
"background",298,298,0.468166619539261,9.56333351135254,-6.51999998092651,721,124,14,65.2586669921875,332,59,78,315,12.7896661758423,41.374439239502,670.17578125,18.5639991760254,-12.3479995727539,30.9119987487793,-6.38600015640259,4.87466669082642
"background",299,299,12.1754999160767,22.957332611084,1.99733340740204,314,56,15,49.7293853759766,140,51,120,54,18.111665725708,44.8353004455566,851.353942871094,33.5799980163574,-6.81599998474121,40.39599609375,22.0426654815674,7.18800020217896
"background",300,300,6.45566654205322,19.7473335266113,-7.2906665802002,312,57,7,67.3367004394531,157,29,132,29,15.5466661453247,34.0965576171875,1088.91931152344,29.9599990844727,-15.6359996795654,45.5960006713867,17.0853328704834,-7.2906665802002
"background",301,301,10.6146669387817,21.2306671142578,0.158666610717773,258,29,7,32.5772857666016,84,34,41,77,14.3266668319702,38.3229904174805,845.838073730469,31.7280006408691,-5.6560001373291,37.3840026855469,0.772666573524475,20.2426662445068
"background",302,302,16.9071674346924,27.1259994506836,6.11866664886475,1063,142,48,31.290075302124,349,182,239,182,12.7863330841064,35.4624290466309,849.231689453125,34.4640007019043,-1.59200000762939,36.0559997558594,21.0073337554932,6.11866664886475
"background",303,303,5.75449991226196,17.3933334350586,-6.72733306884766,222,36,13,39.4511375427246,87,41,67,41,16.2636661529541,37.6683044433594,970.850891113281,28.9440002441406,-14.2320003509521,43.1760025024414,10.6053333282471,-4.02600002288818
"background",304,304,-4.14849996566772,14.6479997634888,-23.0993328094482,295,41,12,37.5088195800781,114,46,108,52,11.5409994125366,21.7033996582031,1553.05590820312,23.1760005950928,-30,53.1760025024414,12.3520002365112,-14.3359994888306
"background",305,305,-0.387500047683716,9.60200023651123,-9.93533325195312,825,89,39,22.2621288299561,244,140,244,214,15.9689998626709,41.7905387878418,814.295837402344,19.1159992218018,-19.0960006713867,38.2119979858398,9.60200023651123,1.91000008583069
"background",306,306,0.341666728258133,9.97466659545898,-8.72266674041748,1125,132,57,23.2456951141357,364,213,275,317,9.17066669464111,29.8330078125,769.4111328125,17.2040004730225,-13.53600025177,30.7400016784668,-8.16600036621094,3.78266668319702
"background",307,307,-7.42083311080933,10.9786672592163,-23.8333320617676,367,60,12,50.8832626342773,164,46,164,64,12.0063333511353,23.8277626037598,1450.29321289062,19.2240009307861,-31.1639995574951,50.3880004882812,10.9786672592163,-16.9893341064453
"background",308,308,-4.08750009536743,12.7393341064453,-22.4300003051758,540,82,18,50.8055076599121,232,63,223,71,10.4196672439575,20.7960777282715,1437.69030761719,20.7040004730225,-29.3999996185303,50.1040000915527,11.7913331985474,-21.3493328094482
"background",309,309,9.9868335723877,22.7700004577637,-4.03999996185303,966,115,39,34.5603828430176,333,127,326,127,11.7970008850098,28.5061874389648,1078.4501953125,30.1599998474121,-11.2239999771118,41.3839988708496,20.5593338012695,-4.03999996185303
"background",310,310,7.36450004577637,21.4606666564941,-8.4506664276123,754,108,18,51.1911582946777,316,67,316,67,11.2823333740234,25.0740814208984,1209.65710449219,28.8360004425049,-16.1599998474121,44.9960021972656,21.4606666564941,-8.4506664276123
"background",311,311,15.3194999694824,24.6766662597656,5.66666650772095,1182,116,77,11.8490715026855,323,269,323,287,12.7576665878296,38.6924247741699,767.975891113281,31.6520004272461,-1.3199999332428,32.9720001220703,24.6766662597656,10.7426671981812
"background",312,312,16.6380004882812,25.75,7.1966667175293,1191,127,83,15.4012622833252,361,249,303,330,13.5086660385132,40.940315246582,749.696044921875,33.1040000915527,0.108000002801418,32.9959983825684,8.75733280181885,17.25
"background",313,313,-4.94549989700317,14.0500001907349,-24,342,55,13,49.8096466064453,147,44,147,48,10.8109998703003,20.6049404144287,1563.38684082031,22.1840000152588,-30.2840003967285,52.4680023193359,14.0500001907349,-14.7513332366943
"background",314,314,18.6336669921875,26.470666885376,10.2166662216187,1648,174,85,17.3804035186768,463,337,451,421,13.3219995498657,43.9844169616699,663.348693847656,33.1079978942871,2.8199999332428,30.2879981994629,26.0993328094482,19.25
"background",315,315,22.1900005340576,33.6273345947266,11.4659996032715,76,12,2,46.6375007629395,34,8,14,31,15.9000005722046,39.1973190307617,906.874267578125,43.560001373291,2.99600005149841,40.5640029907227,13.6260004043579,26.1853332519531
"background",316,316,0.790833353996277,15.6533336639404,-16.4546661376953,743,92,32,32.512809753418,256,113,256,113,12.9456663131714,25.8499736785889,1300.89807128906,24.0839996337891,-25.996000289917,50.0800018310547,15.6533336639404,-16.4546661376953
"background",317,317,11.7701663970947,22.4353332519531,1.60399997234344,353,60,18,44.2967643737793,149,61,130,61,17.0343322753906,42.6498069763184,846.308471679688,32.7760009765625,-7.16400003433228,39.9400024414062,21.6346664428711,1.60399997234344
"background",318,318,5.89666652679443,18.1933326721191,-7.31266641616821,1054,116,66,20.1648292541504,331,206,228,297,9.15933322906494,24.2721366882324,1045.12902832031,24.3839988708496,-13.3520002365112,37.7360000610352,-3.78933334350586,-2.33666658401489
"background",319,319,-3.42083334922791,14.7226667404175,-22.8533325195312,421,71,15,51.9343490600586,186,55,186,56,10.4130001068115,19.9207992553711,1529.31884765625,22.0960006713867,-30.1760005950928,52.2720031738281,14.7226667404175,-20.6786670684814
"background",320,320,2.78233337402344,9.89066696166992,-3.24533343315125,1665,234,70,42.1339530944824,654,239,247,549,8.89266681671143,37.0898666381836,544.768127441406,16.6760005950928,-7.30000019073486,23.976001739502,-0.431333392858505,9.47799968719482
"background",321,321,12.0205001831055,23.1166667938232,0.049333494156599,1164,125,73,17.5341854095459,348,238,316,238,12.4503335952759,33.5516166687012,929.02685546875,30.4119987487793,-6.69599962234497,37.1079978942871,11.7259998321533,0.049333494156599
"background",322,322,8.84833335876465,21.7626667022705,-4.03933334350586,551,92,11,60.7261695861816,254,40,223,40,15.2073335647583,34.8057632446289,1047.85241699219,31.007999420166,-12.6840000152588,43.6920013427734,19.1646671295166,-4.03933334350586
"background",323,323,3.30049991607666,14.1800003051758,-7.75600004196167,825,104,38,29.5602645874023,270,120,270,163,8.37833309173584,24.3811359405518,888.296447753906,19.8479995727539,-14.5159997940063,34.3639984130859,14.1800003051758,-3.6800000667572
"background",324,324,17.4428329467773,27.9486675262451,6.5973334312439,614,87,22,45.3616828918457,214,77,184,78,15.0523338317871,39.2765197753906,864.565856933594,36.2960014343262,-2.02799987792969,38.3240013122559,23.4466667175293,7.62733316421509
"background",325,325,8.11516666412354,20.6199989318848,-3.94533324241638,441,77,8,71.0993728637695,225,27,196,27,14.8803329467773,35.0257339477539,999.890563964844,30.0559997558594,-12.42799949646,42.484001159668,17.8206672668457,-3.94533324241638
"background",326,326,5.49233341217041,20.3560009002686,-11.2633333206177,508,84,11,60.7404556274414,226,37,224,37,12.2819995880127,25.8873615264893,1285.36853027344,28.2080001831055,-19.2360000610352,47.4440002441406,18.3706665039062,-11.2633333206177
"background",327,327,14.9066667556763,25.8459987640381,3.2960000038147,1068,126,44,30.2551803588867,343,157,281,157,12.6093330383301,33.4784774780273,908.515258789062,33.1959991455078,-4.46799993515015,37.6639976501465,19.513334274292,3.2960000038147
"background",328,328,-4.41033363342285,13.7513332366943,-23.9886665344238,433,69,13,52.648136138916,189,51,189,58,10.242000579834,19.4685230255127,1534.84655761719,21.5960006713867,-31.011999130249,52.6080017089844,13.7513332366943,-15.3013334274292
"background",329,329,18.2858333587646,28.5473327636719,8.70666694641113,101,20,1,72.5153350830078,51,4,8,51,16.9676666259766,43.0870132446289,814.400939941406,39.1160011291504,-0.263999998569489,39.3800010681152,8.70666694641113,26.1053333282471
"background",330,330,16.041166305542,26.2046661376953,5.29733324050903,1261,134,76,19.4954147338867,381,259,265,286,12.9436664581299,36.2445869445801,844.814392089844,33.6599998474121,-2.05200004577637,35.7119979858398,16.0066661834717,25.5346660614014
"background",331,331,7.55916690826416,18.3553333282471,-2.76466655731201,422,48,19,25.7720165252686,140,79,114,86,15.9329996109009,39.8444519042969,858.765808105469,28.8680000305176,-11.1199998855591,39.9879989624023,17.7213325500488,11.2886667251587
"background",332,332,19.320333480835,26.699333190918,11.2360000610352,1331,160,65,24.4417896270752,424,242,424,343,13.3280000686646,45.3456687927246,630.404174804688,33.1920013427734,3.79999995231628,29.3920021057129,26.699333190918,15.6499996185303
"background",333,333,17.4529991149902,22.7593326568604,13.0326671600342,373,77,1,95.5753021240234,224,6,13,205,13.326000213623,54.821460723877,398.170501708984,30.4799995422363,6.17199993133545,24.3079986572266,13.3453330993652,22.0393333435059
