"species","x","y","wc2.1_2.5m_bio_1","wc2.1_2.5m_bio_10","wc2.1_2.5m_bio_11","wc2.1_2.5m_bio_12","wc2.1_2.5m_bio_13","wc2.1_2.5m_bio_14","wc2.1_2.5m_bio_15","wc2.1_2.5m_bio_16","wc2.1_2.5m_bio_17","wc2.1_2.5m_bio_18","wc2.1_2.5m_bio_19","wc2.1_2.5m_bio_2","wc2.1_2.5m_bio_3","wc2.1_2.5m_bio_4","wc2.1_2.5m_bio_5","wc2.1_2.5m_bio_6","wc2.1_2.5m_bio_7","wc2.1_2.5m_bio_8","wc2.1_2.5m_bio_9"
"species",1,1,6.48950004577637,15.3359994888306,-2.09800004959106,697,122,8,72.6889038085938,333,39,39,330,17.8343334197998,47.3109436035156,710.995788574219,27.6439990997314,-10.0520000457764,37.6959991455078,-0.658666670322418,15.3359994888306
"species",2,2,6.00333309173584,14.7953329086304,-1.33400011062622,1126,197,10,73.9516677856445,533,51,54,533,14.0599994659424,42.9916839599609,664.580505371094,25.3999996185303,-7.30399990081787,32.7039985656738,-1.33400011062622,14.1853332519531
"species",3,3,17.6483325958252,23.8966674804688,12.2119998931885,423,90,1,96.6421432495117,254,6,14,234,14.9373331069946,52.9692649841309,476.170013427734,32.8600006103516,4.65999984741211,28.2000007629395,12.8486671447754,23.3373336791992
"species",4,4,7.69500017166138,18.7700004577637,-2.60799980163574,368,37,21,14.4608469009399,103,76,76,89,16.007999420166,39.9640502929688,869.859069824219,30.0240001678467,-10.0319995880127,40.0559997558594,6.3473334312439,18.7700004577637
"species",5,5,0.376666635274887,9.31666660308838,-6.28533315658569,724,123,19,64.5781402587891,332,64,73,328,14.4539995193481,44.2559700012207,645.952819824219,19.1240005493164,-13.53600025177,32.6599998474121,-4.87999963760376,8.12266635894775
"species",6,6,6.0794997215271,17.6546669006348,-5.89000034332275,378,73,12,56.8493194580078,166,45,156,45,13.404333114624,33.6860008239746,958.116760253906,26.1560001373291,-13.6360006332397,39.7919998168945,15.4479999542236,-5.89000034332275
"species",7,7,4.07616662979126,14.8759994506836,-7.81866645812988,332,47,11,41.7899322509766,133,39,133,69,13.3276662826538,34.1489868164062,919.030212402344,23.5200004577637,-15.507999420166,39.0279998779297,14.8759994506836,-0.417333245277405
"species",8,8,4.07616662979126,14.8759994506836,-7.81866645812988,332,47,11,41.7899322509766,133,39,133,69,13.3276662826538,34.1489868164062,919.030212402344,23.5200004577637,-15.507999420166,39.0279998779297,14.8759994506836,-0.417333245277405
"species",9,9,10.4347219467163,14.6611108779907,6.93888902664185,628,106,17,63.2534141540527,305,61,62,269,5.75277757644653,39.3128318786621,323.228240966797,19.3999996185303,4.76666688919067,14.6333332061768,7.33888912200928,14.3777780532837
"species",10,10,7.69199991226196,16.9513339996338,-1.12733340263367,253,28,10,26.9257183074951,80,39,46,71,16.0419998168945,44.8150634765625,732.73046875,28.4160003662109,-7.38000011444092,35.7960014343262,-0.451333373785019,16.5553340911865
"species",11,11,4.07616662979126,14.8759994506836,-7.81866645812988,332,47,11,41.7899322509766,133,39,133,69,13.3276662826538,34.1489868164062,919.030212402344,23.5200004577637,-15.507999420166,39.0279998779297,14.8759994506836,-0.417333245277405
"species",12,12,3.78016662597656,12.9553337097168,-5.36466646194458,706,97,37,37.0702896118164,281,121,133,250,11.7150001525879,35.9488143920898,751.871032714844,22.0160007476807,-10.5719995498657,32.5880012512207,-4.84266662597656,12.7440004348755
"species",13,13,6.12666654586792,14.9446668624878,-2.09599995613098,756,133,9,72.2722473144531,360,44,44,360,16.4026660919189,45.6441078186035,699.373046875,26.6520004272461,-9.28400039672852,35.9360008239746,-2.09599995613098,14.8206663131714
"species",14,14,1.56816673278809,10.5166664123535,-5.30200004577637,464,70,17,47.3268051147461,189,61,75,177,14.6576671600342,45.2788391113281,661.4931640625,20.0960006713867,-12.2760000228882,32.3720016479492,-5.2020001411438,6.41533327102661
"species",15,15,6.2350001335144,14.9940004348755,-2.00866675376892,786,141,9,74.1098403930664,379,43,43,379,16.6006660461426,46.1334648132324,699.585693359375,26.7040004730225,-9.27999973297119,35.984001159668,-2.00866675376892,14.9940004348755
"species",16,16,6.2350001335144,14.9940004348755,-2.00866675376892,786,141,9,74.1098403930664,379,43,43,379,16.6006660461426,46.1334648132324,699.585693359375,26.7040004730225,-9.27999973297119,35.984001159668,-2.00866675376892,14.9940004348755
"species",17,17,-0.310166656970978,8.15799999237061,-6.92399978637695,723,92,25,32.5350379943848,257,101,101,242,13.7176666259766,42.6438293457031,627.312316894531,19.1520004272461,-13.0159997940063,32.1679992675781,-6.08466672897339,8.15799999237061
"species",18,18,4.05816698074341,12.8466672897339,-2.57599997520447,1082,189,14,72.5952987670898,511,59,63,511,13.3030004501343,43.0573539733887,647.856750488281,22.2919998168945,-8.60400009155273,30.8959999084473,-2.57599997520447,12.0453338623047
"species",19,19,10.6366662979126,21.5639991760254,-0.134666755795479,286,36,7,38.5795936584473,105,35,38,98,14.2573328018188,37.4404754638672,872.638366699219,32.2639999389648,-5.81599998474121,38.0800018310547,0.481333255767822,20.6879997253418
"species",20,20,3.05149984359741,12.5626668930054,-5.07399988174438,567,84,28,33.8035316467285,209,95,156,95,12.7343330383301,38.8478736877441,737.179931640625,21.7959995269775,-10.9840002059937,32.7799987792969,5.10999965667725,-5.07399988174438
"species",21,21,6.28550004959106,19.3659992218018,-7.3513331413269,301,52,9,62.7941284179688,146,33,126,34,15.9563331604004,34.9981002807617,1077.68481445312,29.7040004730225,-15.8879995346069,45.5919990539551,16.8039989471436,-4.86933326721191
"species",22,22,1.70283329486847,10.8413333892822,-5.5533332824707,670,116,13,65.6165084838867,312,56,73,294,13.6070003509521,42.5112495422363,687.050964355469,20.3959999084473,-11.6119995117188,32.007999420166,-5.53800010681152,6.62400007247925
"species",23,23,1.84783327579498,9.21466636657715,-3.60800004005432,2334,376,37,60.7518310546875,1066,187,187,1002,9.53166675567627,38.5522842407227,532.991516113281,17.2959995269775,-7.42799997329712,24.7239990234375,-2.91533350944519,9.21466636657715
"species",24,24,10.1525640487671,16.6551284790039,4.09358978271484,1389,218,43,52.4911613464355,601,146,150,518,6.55128192901611,31.5782985687256,518.51123046875,21.7999992370605,1.05384612083435,20.7461528778076,4.68076944351196,16.5948715209961
"species",25,25,5.92883348464966,14.8873329162598,-2.9246666431427,405,53,20,27.193172454834,133,72,98,103,16.0276660919189,44.2166938781738,724.27880859375,27.0879993438721,-9.15999984741211,36.2480010986328,9.09533309936523,14.4940004348755
"species",26,26,5.76916694641113,14.6426668167114,-2.8473334312439,434,61,13,46.4301300048828,176,48,57,159,16.1763343811035,44.4893646240234,714.641418457031,26.9680004119873,-9.39200019836426,36.3600006103516,-2.05466675758362,14.5246667861938
"species",27,27,5.76916694641113,14.6426668167114,-2.8473334312439,434,61,13,46.4301300048828,176,48,57,159,16.1763343811035,44.4893646240234,714.641418457031,26.9680004119873,-9.39200019836426,36.3600006103516,-2.05466675758362,14.5246667861938
"species",28,28,3.01133322715759,12.67799949646,-4.35666656494141,490,57,18,29.095817565918,160,70,70,146,11.1693334579468,36.226432800293,696.716369628906,21.7080001831055,-9.12399959564209,30.8320007324219,-3.22000002861023,12.67799949646
"species",29,29,7.72516679763794,20.445333480835,-5.96600008010864,222,26,12,26.646936416626,73,38,62,38,16.7543334960938,36.1302795410156,1057.57751464844,31.7759990692139,-14.5959997177124,46.371997833252,15.2186670303345,-4.36999988555908
"species",30,30,4.16100025177002,18.0686664581299,-11.1773338317871,335,71,9,69.9062881469727,176,34,155,34,14.6160001754761,30.9294052124023,1180.46850585938,27.5960006713867,-19.6599998474121,47.2560005187988,15.5393333435059,-11.1773338317871
"species",31,31,4.16100025177002,18.0686664581299,-11.1773338317871,335,71,9,69.9062881469727,176,34,155,34,14.6160001754761,30.9294052124023,1180.46850585938,27.5960006713867,-19.6599998474121,47.2560005187988,15.5393333435059,-11.1773338317871
"species",32,32,4.16100025177002,18.0686664581299,-11.1773338317871,335,71,9,69.9062881469727,176,34,155,34,14.6160001754761,30.9294052124023,1180.46850585938,27.5960006713867,-19.6599998474121,47.2560005187988,15.5393333435059,-11.1773338317871
"species",33,33,6.20899963378906,14.9879999160767,-2.03533339500427,813,146,9,74.6847305297852,393,42,42,392,16.4133338928223,45.8985824584961,700.625,26.5639991760254,-9.19600009918213,35.7599983215332,-0.78466671705246,14.9879999160767
"species",34,34,6.20899963378906,14.9879999160767,-2.03533339500427,813,146,9,74.6847305297852,393,42,42,392,16.4133338928223,45.8985824584961,700.625,26.5639991760254,-9.19600009918213,35.7599983215332,-0.78466671705246,14.9879999160767
"species",35,35,6.0794997215271,17.6546669006348,-5.89000034332275,378,73,12,56.8493194580078,166,45,156,45,13.404333114624,33.6860008239746,958.116760253906,26.1560001373291,-13.6360006332397,39.7919998168945,15.4479999542236,-5.89000034332275
"species",36,36,2.88333344459534,14.6186666488647,-9.79133319854736,929,108,50,24.5204200744629,300,160,289,196,10.5866661071777,27.0703353881836,1003.48901367188,21.2639999389648,-17.8439998626709,39.1080017089844,11.5646667480469,-4.88199996948242
"species",37,37,5.77250003814697,14.5873336791992,-2.19600009918213,825,147,10,72.6635665893555,396,47,48,396,15.6076669692993,44.7981262207031,689.538940429688,25.8159999847412,-9.02400016784668,34.8400001525879,-2.19600009918213,14.3646669387817
"species",38,38,2.2868332862854,15.032000541687,-11.9573335647583,940,113,48,25.4003505706787,308,160,269,180,11.356333732605,26.796443939209,1104.14196777344,22.2800006866455,-20.1000003814697,42.3800010681152,10.9540004730225,-10.9146671295166
"species",39,39,-3.63383316993713,13.8553333282471,-23.7299995422363,289,55,8,55.6183738708496,132,30,132,45,13.3269996643066,24.1431159973145,1534.16796875,22.8040008544922,-32.3959999084473,55.2000007629395,13.8553333282471,-10.7813329696655
"species",40,40,-0.643500030040741,12.9926662445068,-15.6059999465942,256,39,5,49.9092903137207,108,24,105,46,11.0476665496826,25.3945999145508,1158.95300292969,20.9200000762939,-22.5839996337891,43.5039978027344,11.4753332138062,-6.74066638946533
"species",41,41,10.0597219467163,15.0833330154419,5.58888912200928,766,129,19,64.1940231323242,372,68,68,329,6.90833330154419,39.1776962280273,394.005249023438,20.3999996185303,2.76666665077209,17.6333332061768,6.02222204208374,15.0833330154419
"species",42,42,11.8765001296997,21.3159999847412,2.66600012779236,383,70,6,72.5706481933594,200,26,26,185,12.9836664199829,39.0181121826172,762.676452636719,31.3439998626709,-1.932000041008,33.2760009765625,3.26333332061768,21.3159999847412
"species",43,43,1.30400002002716,9.97000026702881,-5.01933336257935,665,111,17,62.5836868286133,296,59,70,283,13.9160003662109,44.4543838500977,623.774353027344,19.2840003967285,-12.0200004577637,31.3040008544922,-3.20066666603088,8.88066673278809
"species",44,44,-0.612499892711639,12.8913335800171,-15.4026660919189,267,39,5,46.833984375,110,27,105,52,10.9376668930054,25.3233623504639,1146.92822265625,20.7800006866455,-22.4119987487793,43.1920013427734,11.4140005111694,-6.71400022506714
"species",45,45,3.92499995231628,17.189998626709,-10.3459997177124,376,76,12,61.7759552001953,182,45,167,45,13.4246664047241,30.2630004882812,1114.91638183594,26.0599994659424,-18.2999992370605,44.3600006103516,14.7373332977295,-10.3459997177124
"species",46,46,3.92499995231628,17.189998626709,-10.3459997177124,376,76,12,61.7759552001953,182,45,167,45,13.4246664047241,30.2630004882812,1114.91638183594,26.0599994659424,-18.2999992370605,44.3600006103516,14.7373332977295,-10.3459997177124
"species",47,47,11.3016662597656,21.0400009155273,1.4853333234787,196,29,6,44.1661109924316,81,23,25,73,12.9606666564941,38.2862663269043,791.984924316406,30.5879993438721,-3.26399993896484,33.8519973754883,1.98133337497711,20.4820003509521
"species",48,48,10.6366662979126,21.5639991760254,-0.134666755795479,286,36,7,38.5795936584473,105,35,38,98,14.2573328018188,37.4404754638672,872.638366699219,32.2639999389648,-5.81599998474121,38.0800018310547,0.481333255767822,20.6879997253418
"species",49,49,-0.612499892711639,12.8913335800171,-15.4026660919189,267,39,5,46.833984375,110,27,105,52,10.9376668930054,25.3233623504639,1146.92822265625,20.7800006866455,-22.4119987487793,43.1920013427734,11.4140005111694,-6.71400022506714
"species",50,50,11.0388336181641,22.2866668701172,0.310000032186508,231,27,7,31.9429874420166,75,31,40,65,14.5763330459595,37.6493797302246,889.200561523438,33.1800003051758,-5.53599977493286,38.7159996032715,0.948000013828278,21.7019996643066
"species",51,51,10.6366662979126,21.5639991760254,-0.134666755795479,286,36,7,38.5795936584473,105,35,38,98,14.2573328018188,37.4404754638672,872.638366699219,32.2639999389648,-5.81599998474121,38.0800018310547,0.481333255767822,20.6879997253418
"species",52,52,9.98214244842529,15.0928573608398,5.20476198196411,588,80,24,40.2085456848145,235,82,82,209,7.91190481185913,41.5998992919922,406.933563232422,20.8047618865967,1.78571426868439,19.0190467834473,5.59365081787109,15.0928573608398
"species",53,53,10.7733335494995,21.5306663513184,0.393333315849304,315,39,8,39.4039344787598,114,36,38,106,14.039999961853,37.4519844055176,854.210815429688,32.1440010070801,-5.34400033950806,37.4880027770996,1.03733325004578,20.9113330841064
"species",54,54,-0.305666625499725,9.91599941253662,-10.1246662139893,564,63,33,19.6239910125732,169,110,155,149,16.0313339233398,41.5362548828125,829.197265625,19.42799949646,-19.1679992675781,38.5960006713867,9.70800018310547,2.44000005722046
"species",55,55,0.37899985909462,11.1479997634888,-10.3553333282471,494,55,30,19.2089099884033,151,98,138,128,16.8500003814697,40.9935760498047,879.371704101562,21.1079998016357,-19.996000289917,41.1040000915527,10.7620000839233,3.74599981307983
"species",56,56,8.42733383178711,17.6873340606689,-0.19399993121624,242,28,9,25.2281475067139,75,40,48,60,16.6000003814697,45.4545478820801,733.872009277344,29.9200000762939,-6.59999990463257,36.5200004577637,7.01466703414917,17.6793327331543
"species",57,57,5.87900018692017,17.2533340454102,-5.93533325195312,390,74,13,55.3575706481934,169,46,158,46,13.4506664276123,34.0661201477051,944.802368164062,25.8519992828369,-13.6319999694824,39.484001159668,15.0753335952759,-5.93533325195312
"species",58,58,10.6926670074463,22.0313339233398,-0.181999996304512,334,43,8,40.1701011657715,126,39,42,117,15.0266666412354,37.980655670166,901.354553222656,33.5839996337891,-5.98000001907349,39.5639991760254,0.434000015258789,21.5259990692139
"species",59,59,4.29549980163574,15.0826663970947,-6.69000005722046,449,56,20,32.6906280517578,159,67,77,159,16.3396663665771,40.0717735290527,887.262817382812,26.7520008087158,-14.0240001678467,40.7760009765625,-6.69000005722046,14.7919998168945
"species",60,60,10.1875,16.2777786254883,4.59166669845581,778,132,18,65.8866653442383,383,68,69,340,7.35277795791626,36.1612014770508,485.884674072266,22.1166667938232,1.78333330154419,20.3333339691162,4.99444437026978,16.2555561065674
"species",61,61,4.33333349227905,11.7220001220703,-1.64666676521301,1687,283,26,63.4886054992676,797,133,137,752,9.85333347320557,38.7987594604492,554.112670898438,20.0440006256104,-5.35200023651123,25.3959999084473,-0.95466673374176,11.2686672210693
"species",62,62,3.04333329200745,12.6813335418701,-4.12533330917358,506,59,18,29.8118953704834,166,71,71,153,10.96399974823,36.1466445922852,690.961303710938,21.4079990386963,-8.92399978637695,30.3319988250732,-2.99799990653992,12.6813335418701
"species",63,63,5.57550001144409,14.0173330307007,-1.31199991703033,986,143,11,60.4643096923828,422,67,67,402,14.5716667175293,45.5137023925781,641.236083984375,24.9160003662109,-7.09999990463257,32.015998840332,-0.493333250284195,14.0173330307007
"species",64,64,2.97133326530457,12.6166667938232,-4.31466674804688,500,59,18,29.6351203918457,164,70,70,151,11.0206661224365,36.1807823181152,694.060791015625,21.3719997406006,-9.08800029754639,30.4599990844727,-3.18199992179871,12.6166667938232
"species",65,65,6.21700000762939,16.1700000762939,-3.41799998283386,726,102,32,38.9288063049316,290,108,121,254,12.8693332672119,36.6773071289062,795.3642578125,26.8400001525879,-8.2480001449585,35.0880012512207,-2.878666639328,15.4700002670288
"species",66,66,3.04333329200745,12.6813335418701,-4.12533330917358,506,59,18,29.8118953704834,166,71,71,153,10.96399974823,36.1466445922852,690.961303710938,21.4079990386963,-8.92399978637695,30.3319988250732,-2.99799990653992,12.6813335418701
"species",67,67,2.97516679763794,13.1046667098999,-6.57533311843872,351,39,21,19.1271228790283,104,76,81,92,15.4276666641235,40.59912109375,811.67724609375,24.6200008392334,-13.3800001144409,38,10.2480001449585,9.67533302307129
"species",68,68,6.71016645431519,15.1979999542236,0.0366666316986084,1260,224,9,75.8011703491211,601,51,54,601,13.9756660461426,44.553897857666,634.410827636719,25.496000289917,-5.87200021743774,31.3680000305176,0.0366666316986084,14.4846668243408
"species",69,69,2.8435001373291,10.496000289917,-3.26799988746643,2330,381,46,60.7548484802246,1079,201,204,1003,8.11366653442383,33.2800102233887,570.269653320312,17.5480003356934,-6.83199977874756,24.3800010681152,-2.73799991607666,9.85066699981689
"species",70,70,10.1875,16.2777786254883,4.59166669845581,778,132,18,65.8866653442383,383,68,69,340,7.35277795791626,36.1612014770508,485.884674072266,22.1166667938232,1.78333330154419,20.3333339691162,4.99444437026978,16.2555561065674
"species",71,71,4.05816698074341,12.8466672897339,-2.57599997520447,1082,189,14,72.5952987670898,511,59,63,511,13.3030004501343,43.0573539733887,647.856750488281,22.2919998168945,-8.60400009155273,30.8959999084473,-2.57599997520447,12.0453338623047
"species",72,72,10.0597219467163,15.0833330154419,5.58888912200928,766,129,19,64.1940231323242,372,68,68,329,6.90833330154419,39.1776962280273,394.005249023438,20.3999996185303,2.76666665077209,17.6333332061768,6.02222204208374,15.0833330154419
"species",73,73,0.376666635274887,9.31666660308838,-6.28533315658569,724,123,19,64.5781402587891,332,64,73,328,14.4539995193481,44.2559700012207,645.952819824219,19.1240005493164,-13.53600025177,32.6599998474121,-4.87999963760376,8.12266635894775
"species",74,74,6.36766672134399,15.7779998779297,-1.80466675758362,407,68,13,60.1426811218262,183,40,46,183,18.5620002746582,48.5661964416504,722.665710449219,27.6560001373291,-10.5640001296997,38.2200012207031,-1.80466675758362,15.6173334121704
"species",75,75,10.1875,16.2777786254883,4.59166669845581,778,132,18,65.8866653442383,383,68,69,340,7.35277795791626,36.1612014770508,485.884674072266,22.1166667938232,1.78333330154419,20.3333339691162,4.99444437026978,16.2555561065674
"species",76,76,5.15933322906494,17.1773338317871,-8.01466655731201,339,63,12,51.5017318725586,142,47,131,47,13.0313329696655,31.7496662139893,1027.33386230469,25.2520008087158,-15.7919998168945,41.0439987182617,15.2373332977295,-8.01466655731201
"species",77,77,5.38299989700317,14.2893333435059,-2.33666658401489,895,161,10,73.3943862915039,433,49,50,433,14.7513332366943,43.6740074157715,683.938781738281,25.0440006256104,-8.73200035095215,33.7760009765625,-2.33666658401489,13.9099998474121
"species",78,78,11.8765001296997,21.3159999847412,2.66600012779236,383,70,6,72.5706481933594,200,26,26,185,12.9836664199829,39.0181121826172,762.676452636719,31.3439998626709,-1.932000041008,33.2760009765625,3.26333332061768,21.3159999847412
"species",79,79,10.1875,16.2777786254883,4.59166669845581,778,132,18,65.8866653442383,383,68,69,340,7.35277795791626,36.1612014770508,485.884674072266,22.1166667938232,1.78333330154419,20.3333339691162,4.99444437026978,16.2555561065674
"species",80,80,3.05149984359741,12.5626668930054,-5.07399988174438,567,84,28,33.8035316467285,209,95,156,95,12.7343330383301,38.8478736877441,737.179931640625,21.7959995269775,-10.9840002059937,32.7799987792969,5.10999965667725,-5.07399988174438
"species",81,81,3.37549996376038,12.6186666488647,-4.07600021362305,908,159,14,70.8842315673828,429,56,61,429,13.91100025177,42.2518539428711,687.780822753906,22.6199989318848,-10.3039999008179,32.923999786377,-4.07600021362305,11.8680000305176
"species",82,82,3.58916687965393,14.5440006256104,-6.52066659927368,325,48,19,30.0408878326416,117,66,76,66,14.117000579834,37.2440910339355,861.858276367188,24.7080001831055,-13.1960000991821,37.9039993286133,6.77666664123535,-1.3659999370575
"species",83,83,-0.522166728973389,8.63533306121826,-7.22933340072632,708,117,17,60.9934577941895,314,66,84,300,12.4696664810181,41.0186424255371,659.301513671875,17.1439990997314,-13.2559995651245,30.3999977111816,-7.03133344650269,3.44266653060913
"species",84,84,4.46250009536743,13.2253332138062,-2.36266660690308,1116,164,12,62.2582168579102,485,72,72,464,13.8223333358765,43.5157203674316,645.887451171875,23.8519992828369,-7.91200017929077,31.7639999389648,-1.49866664409637,13.2253332138062
"species",85,85,3.26233339309692,12.4253330230713,-4.00799989700317,946,165,15,71.1231842041016,447,58,62,447,13.688666343689,42.3640327453613,678.476684570312,22.2800006866455,-10.0319995880127,32.3120002746582,-4.00799989700317,11.6073331832886
"species",86,86,4.16100025177002,18.0686664581299,-11.1773338317871,335,71,9,69.9062881469727,176,34,155,34,14.6160001754761,30.9294052124023,1180.46850585938,27.5960006713867,-19.6599998474121,47.2560005187988,15.5393333435059,-11.1773338317871
"species",87,87,1.49233329296112,15.4046669006348,-14.1020002365112,491,94,14,63.1886138916016,238,58,238,59,11.1453332901001,24.8292045593262,1204.0634765625,22.6840000152588,-22.2040004730225,44.8880004882812,15.4046669006348,-11.7253332138062
"species",88,88,3.37549996376038,12.6186666488647,-4.07600021362305,908,159,14,70.8842315673828,429,56,61,429,13.91100025177,42.2518539428711,687.780822753906,22.6199989318848,-10.3039999008179,32.923999786377,-4.07600021362305,11.8680000305176
"species",89,89,2.98966670036316,11.8426666259766,-3.79400014877319,547,92,14,63.4402809143066,246,47,57,246,14.8753337860107,45.1259956359863,648.646179199219,21.7560005187988,-11.2080001831055,32.9640007019043,-3.79400014877319,11.1186666488647
"species",90,90,0.376666635274887,9.31666660308838,-6.28533315658569,724,123,19,64.5781402587891,332,64,73,328,14.4539995193481,44.2559700012207,645.952819824219,19.1240005493164,-13.53600025177,32.6599998474121,-4.87999963760376,8.12266635894775
"species",91,91,1.04233336448669,10.2213335037231,-5.88199996948242,784,137,13,69.3894271850586,366,51,69,353,12.4573335647583,40.4458885192871,669.995300292969,19.2959995269775,-11.503999710083,30.7999992370605,-5.71999979019165,9.07666683197021
"species",92,92,-0.972666561603546,9.06133365631104,-10.3053331375122,634,69,37,18.5053539276123,187,127,172,163,15.3426666259766,41.1287422180176,807.4775390625,18.3280010223389,-18.9759998321533,37.3040008544922,8.97466659545898,1.32733333110809
"species",93,93,10.0597219467163,15.0833330154419,5.58888912200928,766,129,19,64.1940231323242,372,68,68,329,6.90833330154419,39.1776962280273,394.005249023438,20.3999996185303,2.76666665077209,17.6333332061768,6.02222204208374,15.0833330154419
"species",94,94,1.3656667470932,10.6653337478638,-8.06333351135254,607,68,38,18.6762390136719,191,124,134,184,15.4193334579468,41.1533393859863,772.917602539062,21.488000869751,-15.9799995422363,37.4680023193359,-6.08666658401489,8.08666706085205
"species",95,95,1.12883329391479,12.2926664352417,-10.4466667175293,467,51,28,19.1227416992188,140,91,127,125,17.9163341522217,41.2362670898438,925.817260742188,22.8759994506836,-20.57200050354,43.447998046875,11.8680000305176,4.98333358764648
"species",96,96,0.730666756629944,11.5820007324219,-10.3846664428711,513,58,30,20.23681640625,156,98,142,135,17.7566661834717,42.0614624023438,903.547241210938,21.8600006103516,-20.3560009002686,42.2160034179688,11.3733339309692,4.11666679382324
"species",97,97,0.915499925613403,11.6726665496826,-10.1166667938232,496,57,29,20.4779472351074,152,95,138,129,17.6469993591309,42.1330337524414,893.277587890625,21.8239994049072,-20.0599994659424,41.8839988708496,11.3859996795654,4.38733339309692
"species",98,98,9.60555553436279,16.2879619598389,3.55462956428528,1139,188,25,61.407154083252,532,100,105,462,8.23055553436279,36.9820289611816,525.587219238281,22.7055549621582,0.450000017881393,22.2555541992188,4.02962970733643,16.1009254455566
"species",99,99,2.80733346939087,11.5373334884644,-3.80933332443237,746,130,16,69.8263244628906,349,51,60,349,14.7973337173462,45.1358375549316,637.889892578125,21.568000793457,-11.2159996032715,32.7840003967285,-3.80933332443237,10.6859998703003
"species",100,100,2.80733346939087,11.5373334884644,-3.80933332443237,746,130,16,69.8263244628906,349,51,60,349,14.7973337173462,45.1358375549316,637.889892578125,21.568000793457,-11.2159996032715,32.7840003967285,-3.80933332443237,10.6859998703003
"species",101,101,1.97533333301544,11.1353330612183,-5.3546667098999,642,112,13,65.5270309448242,299,53,71,299,13.5346670150757,42.1693267822266,689.438049316406,20.6879997253418,-11.4079999923706,32.0960006713867,-5.3546667098999,6.97533321380615
"species",102,102,5.63066673278809,16.9813327789307,-6.51533317565918,369,78,12,60.1075401306152,165,44,156,44,13.296667098999,33.6488189697266,958.397216796875,25.2639999389648,-14.2519998550415,39.515998840332,14.992000579834,-6.51533317565918
"species",103,103,5.82583332061768,14.5659999847412,-1.84933340549469,858,157,10,75.2715682983398,421,46,48,421,14.2843332290649,43.7525520324707,678.713684082031,24.7959995269775,-7.85200023651123,32.6479988098145,-1.84933340549469,14.3920001983643
"species",104,104,0.376666635274887,9.31666660308838,-6.28533315658569,724,123,19,64.5781402587891,332,64,73,328,14.4539995193481,44.2559700012207,645.952819824219,19.1240005493164,-13.53600025177,32.6599998474121,-4.87999963760376,8.12266635894775
"species",105,105,0.37899985909462,11.1479997634888,-10.3553333282471,494,55,30,19.2089099884033,151,98,138,128,16.8500003814697,40.9935760498047,879.371704101562,21.1079998016357,-19.996000289917,41.1040000915527,10.7620000839233,3.74599981307983
"species",106,106,0.780499994754791,11.4773330688477,-10.0273332595825,511,59,30,20.6954326629639,157,98,143,132,17.2290000915527,41.8057861328125,882.157287597656,21.5,-19.7119998931885,41.2119979858398,11.1920003890991,4.09866666793823
"species",107,107,-1.09433317184448,8.92866706848145,-10.4366664886475,622,68,36,18.734317779541,184,123,169,162,15.3459997177124,41.0804176330566,805.4990234375,18.1599998474121,-19.1959991455078,37.3559989929199,8.80599975585938,1.28400003910065
"species",108,108,-0.305666625499725,9.91599941253662,-10.1246662139893,564,63,33,19.6239910125732,169,110,155,149,16.0313339233398,41.5362548828125,829.197265625,19.42799949646,-19.1679992675781,38.5960006713867,9.70800018310547,2.44000005722046
"species",109,109,0.703000009059906,11.5953330993652,-10.2066669464111,510,55,30,18.9694747924805,151,98,137,136,17.2959995269775,41.2950057983398,894.013977050781,21.9160003662109,-19.9680004119873,41.8840026855469,11.2886667251587,4.03466653823853
"species",110,110,-0.0116667896509171,10.7119998931885,-10.7473335266113,513,57,32,18.6235027313232,156,104,144,132,16.4293327331543,40.2600784301758,878.498901367188,20.5279998779297,-20.2800006866455,40.8079986572266,10.3886661529541,3.23933339118958
"species",111,111,0.730666756629944,11.5820007324219,-10.3846664428711,513,58,30,20.23681640625,156,98,142,135,17.7566661834717,42.0614624023438,903.547241210938,21.8600006103516,-20.3560009002686,42.2160034179688,11.3733339309692,4.11666679382324
"species",112,112,-1.09433317184448,8.92866706848145,-10.4366664886475,622,68,36,18.734317779541,184,123,169,162,15.3459997177124,41.0804176330566,805.4990234375,18.1599998474121,-19.1959991455078,37.3559989929199,8.80599975585938,1.28400003910065
"species",113,113,1.34149992465973,12.7220001220703,-10.7193336486816,453,51,27,20.1742477416992,138,87,125,123,18.5116672515869,41.3650016784668,953.491333007812,23.6319999694824,-21.1200008392334,44.7519989013672,12.3159999847412,5.42999982833862
"species",114,114,3.03233337402344,16.0326671600342,-11.1640005111694,367,70,11,62.2571334838867,171,39,171,39,13.4993333816528,30.775426864624,1106.30065917969,24.8479995727539,-19.0160007476807,43.8639984130859,16.0326671600342,-11.1640005111694
"species",115,115,1.34149992465973,12.7220001220703,-10.7193336486816,453,51,27,20.1742477416992,138,87,125,123,18.5116672515869,41.3650016784668,953.491333007812,23.6319999694824,-21.1200008392334,44.7519989013672,12.3159999847412,5.42999982833862
"species",116,116,-1.04166662693024,8.97333335876465,-10.3246669769287,639,70,37,18.7179508209229,189,127,173,165,15.3319997787476,41.210620880127,806.182006835938,18.2119998931885,-18.992000579834,37.2040023803711,8.9146671295166,1.20266664028168
"species",117,117,0.730666756629944,11.5820007324219,-10.3846664428711,513,58,30,20.23681640625,156,98,142,135,17.7566661834717,42.0614624023438,903.547241210938,21.8600006103516,-20.3560009002686,42.2160034179688,11.3733339309692,4.11666679382324
"species",118,118,1.34149992465973,12.7220001220703,-10.7193336486816,453,51,27,20.1742477416992,138,87,125,123,18.5116672515869,41.3650016784668,953.491333007812,23.6319999694824,-21.1200008392334,44.7519989013672,12.3159999847412,5.42999982833862
"species",119,119,1.807000041008,13.434666633606,-10.7880001068115,445,49,26,19.3430767059326,133,86,120,123,18.8753337860107,40.9585380554199,982.647399902344,24.7040004730225,-21.3799991607666,46.0839996337891,13.0266666412354,6.12266683578491
"species",120,120,0.745000064373016,11.8653335571289,-10.7526664733887,500,56,29,19.9208297729492,151,96,137,135,17.9193325042725,41.4953079223633,927.280334472656,22.3920001983643,-20.7919998168945,43.1839981079102,11.6079998016357,4.3473334312439
"species",121,121,0.703000009059906,11.5953330993652,-10.2066669464111,510,55,30,18.9694747924805,151,98,137,136,17.2959995269775,41.2950057983398,894.013977050781,21.9160003662109,-19.9680004119873,41.8840026855469,11.2886667251587,4.03466653823853
"species",122,122,1.17200005054474,12.5580005645752,-10.7773332595825,479,55,28,20.4335136413574,147,91,133,128,18.6119995117188,41.7010231018066,953.612365722656,23.4720001220703,-21.1599998474121,44.6319999694824,12.2680006027222,5.0019998550415
"species",123,123,-1.04166662693024,8.97333335876465,-10.3246669769287,639,70,37,18.7179508209229,189,127,173,165,15.3319997787476,41.210620880127,806.182006835938,18.2119998931885,-18.992000579834,37.2040023803711,8.9146671295166,1.20266664028168
"species",124,124,0.730666756629944,11.5820007324219,-10.3846664428711,513,58,30,20.23681640625,156,98,142,135,17.7566661834717,42.0614624023438,903.547241210938,21.8600006103516,-20.3560009002686,42.2160034179688,11.3733339309692,4.11666679382324
"species",125,125,0.730666756629944,11.5820007324219,-10.3846664428711,513,58,30,20.23681640625,156,98,142,135,17.7566661834717,42.0614624023438,903.547241210938,21.8600006103516,-20.3560009002686,42.2160034179688,11.3733339309692,4.11666679382324
"species",126,126,4.90566682815552,16.318000793457,-6.18400001525879,415,50,22,27.9097023010254,138,71,71,135,14.4353332519531,36.3317565917969,916.934692382812,27.0960006713867,-12.6359996795654,39.7320022583008,-4.67733335494995,16.318000793457
"species",127,127,3.35966658592224,14.2273330688477,-7.07333326339722,430,48,25,23.7200775146484,134,78,79,132,14.167332649231,37.4361419677734,870.359130859375,24.511999130249,-13.3319997787476,37.8439979553223,-5.65799999237061,10.8839998245239
"species",128,128,6.45149993896484,15.4099998474121,-2.23066687583923,660,115,9,71.1683578491211,312,41,41,310,17.4370002746582,46.5483169555664,719.603942871094,27.5559997558594,-9.9040002822876,37.4599990844727,-0.754666805267334,15.4099998474121
"species",129,129,6.45149993896484,15.4099998474121,-2.23066687583923,660,115,9,71.1683578491211,312,41,41,310,17.4370002746582,46.5483169555664,719.603942871094,27.5559997558594,-9.9040002822876,37.4599990844727,-0.754666805267334,15.4099998474121
"species",130,130,9.84716701507568,21.4486675262451,-1.48000013828278,418,45,21,23.1914539337158,128,68,68,103,15.4890003204346,37.6898002624512,924.079162597656,32.560001373291,-8.53600025177002,41.0960006713867,9.11266708374023,21.4486675262451
"species",131,131,9.84716701507568,21.4486675262451,-1.48000013828278,418,45,21,23.1914539337158,128,68,68,103,15.4890003204346,37.6898002624512,924.079162597656,32.560001373291,-8.53600025177002,41.0960006713867,9.11266708374023,21.4486675262451
"species",132,132,10.6411666870117,21.4680004119873,0.222666576504707,333,43,8,41.8739585876465,125,36,39,116,13.9103336334229,36.9641075134277,862.041625976562,32.2200012207031,-5.41200017929077,37.6319999694824,0.995333194732666,21.07200050354
"species",133,133,9.84716701507568,21.4486675262451,-1.48000013828278,418,45,21,23.1914539337158,128,68,68,103,15.4890003204346,37.6898002624512,924.079162597656,32.560001373291,-8.53600025177002,41.0960006713867,9.11266708374023,21.4486675262451
"species",134,134,6.51883316040039,14.423999786377,0.26599994301796,1180,188,11,68.7361907958984,547,64,66,522,13.9910001754761,47.0380592346191,590.269226074219,24.8479995727539,-4.89599990844727,29.7439994812012,0.973333179950714,13.8393335342407
"species",135,135,2.8435001373291,10.496000289917,-3.26799988746643,2330,381,46,60.7548484802246,1079,201,204,1003,8.11366653442383,33.2800102233887,570.269653320312,17.5480003356934,-6.83199977874756,24.3800010681152,-2.73799991607666,9.85066699981689
"species",136,136,7.65799999237061,19.2093334197998,-3.84666657447815,355,35,21,17.2714614868164,103,70,89,70,15.8446664810181,37.3800773620605,931.025512695312,30.068000793457,-12.3199996948242,42.3880004882812,14.4006662368774,-3.84666657447815
"species",137,137,5.58550024032593,16.6800003051758,-4.8493332862854,276,39,13,32.8564376831055,95,40,81,40,15.4143333435059,39.3986625671387,872.126647949219,27.4440002441406,-11.6800003051758,39.1240005493164,14.0413331985474,-4.8493332862854
"species",138,138,2.50416660308838,11.9593334197998,-5.51200008392334,494,52,28,19.3150863647461,154,97,147,97,13.7303333282471,40.9958610534668,725.062866210938,21.7439994812012,-11.7480001449585,33.492000579834,9.35133361816406,-5.51200008392334
"species",139,139,6.02716636657715,15.6140003204346,-2.53400015830994,282,30,18,16.1867866516113,86,57,73,59,15.4130001068115,42.6669235229492,748.190856933594,26.3080005645752,-9.81599998474121,36.1240005493164,4.13666677474976,-1.57800006866455
"species",140,140,7.8289999961853,17.3540000915527,-0.684000015258789,259,31,11,25.9888744354248,84,44,44,61,16.3320007324219,44.0881118774414,736.501403808594,29.8479995727539,-7.19600009918213,37.0439987182617,9.71733379364014,17.3540000915527
"species",141,141,5.64249992370605,15.0633335113525,-2.09400010108948,325,36,20,18.2490940093994,103,65,65,80,13.9623336791992,41.778377532959,717.936096191406,25.1599998474121,-8.26000022888184,33.4199981689453,2.97200012207031,15.0633335113525
"species",142,142,10.6411666870117,21.4680004119873,0.222666576504707,333,43,8,41.8739585876465,125,36,39,116,13.9103336334229,36.9641075134277,862.041625976562,32.2200012207031,-5.41200017929077,37.6319999694824,0.995333194732666,21.07200050354
"species",143,143,10.1875,16.2777786254883,4.59166669845581,778,132,18,65.8866653442383,383,68,69,340,7.35277795791626,36.1612014770508,485.884674072266,22.1166667938232,1.78333330154419,20.3333339691162,4.99444437026978,16.2555561065674
"species",144,144,3.53800010681152,12.46399974823,-3.59866666793823,556,66,15,35.8344345092773,194,82,139,194,13.0813331604004,42.438793182373,670.717407226562,21.5440006256104,-9.27999973297119,30.8240013122559,-3.59866666793823,4.06400012969971
"species",145,145,-1.28750014305115,13.0613327026367,-17.8880004882812,456,59,14,37.3659019470215,164,59,157,92,11.131667137146,24.6493949890137,1255.21252441406,20.4680004119873,-24.6920013427734,45.1600036621094,11.7126665115356,-7.54466676712036
"species",146,146,10.0987501144409,15.7016668319702,4.99499988555908,549,77,23,40.7401008605957,221,75,75,195,8.34916687011719,41.0682067871094,444.868713378906,22.2800006866455,1.94999992847443,20.3299999237061,5.27333307266235,15.7016668319702
"species",147,147,9.84716701507568,21.4486675262451,-1.48000013828278,418,45,21,23.1914539337158,128,68,68,103,15.4890003204346,37.6898002624512,924.079162597656,32.560001373291,-8.53600025177002,41.0960006713867,9.11266708374023,21.4486675262451
"species",148,148,11.0675001144409,19.5960006713867,3.9980001449585,1275,227,5,82.6062698364258,623,29,39,623,13.6936664581299,44.4138107299805,653.813842773438,29.3159999847412,-1.51600003242493,30.8320007324219,3.9980001449585,19.3186664581299
"species",149,149,7.42500019073486,15.8219995498657,0.5,935,169,10,77.3815841674805,456,40,47,456,14.2360000610352,45.5406265258789,641.420532226562,25.6359996795654,-5.62400007247925,31.2600002288818,0.5,15.5686664581299
"species",150,150,3.30833339691162,12.3426666259766,-3.83533334732056,793,138,15,68.9341812133789,372,55,59,372,14.4259996414185,43.9120903015137,668.988342285156,22.503999710083,-10.3479995727539,32.8519973754883,-3.83533334732056,11.6213331222534
"species",151,151,1.05499994754791,9.99333381652832,-5.70133352279663,755,130,20,66.3557586669922,349,62,69,347,14.506667137146,44.1146659851074,647.739685058594,20.003999710083,-12.8800001144409,32.8839988708496,-4.37133359909058,8.90333366394043
"species",152,152,1.21366667747498,10.2593336105347,-5.34333324432373,849,144,20,66.6586456298828,389,66,73,369,14.1513338088989,43.5640106201172,651.671936035156,20.1760005950928,-12.3079996109009,32.484001159668,-3.87733340263367,9.05399990081787
"species",153,153,2.47283339500427,11.4180002212524,-4.22466659545898,814,139,18,67.7174758911133,376,61,67,376,14.7343330383301,44.7199630737305,654.509460449219,21.5799999237061,-11.3680000305176,32.947998046875,-4.22466659545898,10.4546670913696
"species",154,154,1.51233327388763,10.7399997711182,-5.39266681671143,807,137,19,66.9493026733398,370,63,69,370,14.8846664428711,44.1943778991699,669.680114746094,21.1840000152588,-12.496000289917,33.6800003051758,-5.39266681671143,9.56133365631104
"species",155,155,3.30833339691162,12.3426666259766,-3.83533334732056,793,138,15,68.9341812133789,372,55,59,372,14.4259996414185,43.9120903015137,668.988342285156,22.503999710083,-10.3479995727539,32.8519973754883,-3.83533334732056,11.6213331222534
"species",156,156,3.54983353614807,12.691333770752,-3.79199981689453,781,135,15,68.5253982543945,366,55,59,366,14.4856662750244,43.6315269470215,681.442749023438,22.8920001983643,-10.3079996109009,33.2000007629395,-3.79199981689453,12.0346670150757
"species",157,157,2.77349996566772,13.6319999694824,-8.81533336639404,467,66,21,40.373664855957,189,67,189,86,12.0249996185303,32.8300743103027,908.140319824219,21.568000793457,-15.0600004196167,36.628002166748,13.6319999694824,-1.70133340358734
"species",158,158,1.8308333158493,17.0606670379639,-15.2186670303345,708,102,24,48.5444717407227,293,86,293,86,9.86966705322266,21.1922760009766,1300.57678222656,23.7840003967285,-22.7880001068115,46.5719985961914,17.0606670379639,-15.2186670303345
"species",159,159,9.84716701507568,21.4486675262451,-1.48000013828278,418,45,21,23.1914539337158,128,68,68,103,15.4890003204346,37.6898002624512,924.079162597656,32.560001373291,-8.53600025177002,41.0960006713867,9.11266708374023,21.4486675262451
"species",160,160,5.86016654968262,14.4926662445068,-1.97466659545898,762,112,9,59.7818298339844,325,54,54,314,15.4323329925537,44.9398193359375,681.971740722656,26.007999420166,-8.33199977874756,34.3400001525879,-1.11933326721191,14.4926662445068
"species",161,161,4.19649982452393,13.2233333587646,-3.09866666793823,968,172,13,72.8477096557617,463,54,58,463,13.3376665115356,41.9370727539062,673.471740722656,22.8199996948242,-8.98400020599365,31.8040008544922,-3.09866666793823,12.5453329086304
"species",162,162,5.86016654968262,14.4926662445068,-1.97466659545898,762,112,9,59.7818298339844,325,54,54,314,15.4323329925537,44.9398193359375,681.971740722656,26.007999420166,-8.33199977874756,34.3400001525879,-1.11933326721191,14.4926662445068
"species",163,163,4.05816698074341,12.8466672897339,-2.57599997520447,1082,189,14,72.5952987670898,511,59,63,511,13.3030004501343,43.0573539733887,647.856750488281,22.2919998168945,-8.60400009155273,30.8959999084473,-2.57599997520447,12.0453338623047
"species",164,164,10.1875,16.2777786254883,4.59166669845581,778,132,18,65.8866653442383,383,68,69,340,7.35277795791626,36.1612014770508,485.884674072266,22.1166667938232,1.78333330154419,20.3333339691162,4.99444437026978,16.2555561065674
"species",165,165,5.86016654968262,14.4926662445068,-1.97466659545898,762,112,9,59.7818298339844,325,54,54,314,15.4323329925537,44.9398193359375,681.971740722656,26.007999420166,-8.33199977874756,34.3400001525879,-1.11933326721191,14.4926662445068
"species",166,166,2.80733346939087,12.0180006027222,-3.97800016403198,846,135,17,62.1380386352539,373,68,68,359,12.7093334197998,40.573787689209,669.548156738281,21.4479999542236,-9.87600040435791,31.3240013122559,-3.96133351325989,12.0180006027222
"species",167,167,4.17449998855591,18.3619995117188,-11.2819995880127,331,69,9,70.5482406616211,177,36,148,36,14.1423330307007,29.8689136505127,1196.43469238281,27.8000011444092,-19.5480003356934,47.3479995727539,15.71399974823,-8.72599983215332
"species",168,168,4.21916675567627,18.3559989929199,-11.3286666870117,329,68,8,70.3565673828125,175,33,150,33,14.6203327178955,30.7537517547607,1197.42724609375,27.9559993743896,-19.5839996337891,47.5400009155273,15.7626667022705,-11.3286666870117
"species",169,169,10.4956350326538,16.8174610137939,4.85238075256348,694,117,17,64.6129531860352,340,64,64,301,7.09841251373291,35.0992851257324,497.778015136719,22.4809532165527,2.2571427822113,20.2238101959229,5.10317468643188,16.8174610137939
"species",170,170,10.1875,16.2777786254883,4.59166669845581,778,132,18,65.8866653442383,383,68,69,340,7.35277795791626,36.1612014770508,485.884674072266,22.1166667938232,1.78333330154419,20.3333339691162,4.99444437026978,16.2555561065674
"species",171,171,10.1875,16.2777786254883,4.59166669845581,778,132,18,65.8866653442383,383,68,69,340,7.35277795791626,36.1612014770508,485.884674072266,22.1166667938232,1.78333330154419,20.3333339691162,4.99444437026978,16.2555561065674
"species",172,172,10.1875,16.2777786254883,4.59166669845581,778,132,18,65.8866653442383,383,68,69,340,7.35277795791626,36.1612014770508,485.884674072266,22.1166667938232,1.78333330154419,20.3333339691162,4.99444437026978,16.2555561065674
"species",173,173,10.1875,16.2777786254883,4.59166669845581,778,132,18,65.8866653442383,383,68,69,340,7.35277795791626,36.1612014770508,485.884674072266,22.1166667938232,1.78333330154419,20.3333339691162,4.99444437026978,16.2555561065674
"species",174,174,10.1875,16.2777786254883,4.59166669845581,778,132,18,65.8866653442383,383,68,69,340,7.35277795791626,36.1612014770508,485.884674072266,22.1166667938232,1.78333330154419,20.3333339691162,4.99444437026978,16.2555561065674
"species",175,175,10.1875,16.2777786254883,4.59166669845581,778,132,18,65.8866653442383,383,68,69,340,7.35277795791626,36.1612014770508,485.884674072266,22.1166667938232,1.78333330154419,20.3333339691162,4.99444437026978,16.2555561065674
"species",176,176,10.1875,16.2777786254883,4.59166669845581,778,132,18,65.8866653442383,383,68,69,340,7.35277795791626,36.1612014770508,485.884674072266,22.1166667938232,1.78333330154419,20.3333339691162,4.99444437026978,16.2555561065674
"species",177,177,10.1875,16.2777786254883,4.59166669845581,778,132,18,65.8866653442383,383,68,69,340,7.35277795791626,36.1612014770508,485.884674072266,22.1166667938232,1.78333330154419,20.3333339691162,4.99444437026978,16.2555561065674
"species",178,178,1.77066659927368,10.470666885376,-6.30399990081787,962,128,51,35.880542755127,374,154,154,332,10.779333114624,35.3189163208008,697.195617675781,18.9879989624023,-11.532000541687,30.5200004577637,-5.92866659164429,10.470666885376
"species",179,179,1.77950000762939,10.699333190918,-6.49333333969116,991,135,48,39.780216217041,400,150,150,357,10.7803335189819,34.9602203369141,711.1708984375,19.3680000305176,-11.4680004119873,30.8360004425049,-6.0479998588562,10.699333190918
"species",180,180,3.76099991798401,12.8606662750244,-5.31266689300537,707,100,36,39.7348289489746,289,118,128,258,11.6346664428711,35.9671897888184,746.413696289062,21.923999786377,-10.423999786377,32.3479995727539,-4.77533340454102,12.6966667175293
"species",181,181,1.77950000762939,10.699333190918,-6.49333333969116,991,135,48,39.780216217041,400,150,150,357,10.7803335189819,34.9602203369141,711.1708984375,19.3680000305176,-11.4680004119873,30.8360004425049,-6.0479998588562,10.699333190918
"species",182,182,10.4299240112305,14.6393938064575,6.71060609817505,2128,335,36,62.2511787414551,972,153,160,900,9.03863620758057,52.6058197021484,328.855010986328,19.9545459747314,2.77272725105286,17.1818180084229,7.03030300140381,14.4030303955078
"species",183,183,10.4299240112305,14.6393938064575,6.71060609817505,2128,335,36,62.2511787414551,972,153,160,900,9.03863620758057,52.6058197021484,328.855010986328,19.9545459747314,2.77272725105286,17.1818180084229,7.03030300140381,14.4030303955078
"species",184,184,9.84716701507568,21.4486675262451,-1.48000013828278,418,45,21,23.1914539337158,128,68,68,103,15.4890003204346,37.6898002624512,924.079162597656,32.560001373291,-8.53600025177002,41.0960006713867,9.11266708374023,21.4486675262451
"species",185,185,1.871333360672,14.2346668243408,-12.0640001296997,848,102,45,26.6968059539795,279,143,258,166,9.72266674041748,24.3504981994629,1075.39721679688,20.2800006866455,-19.6480007171631,39.9280014038086,10.5200004577637,-5.85199975967407
"species",186,186,5.55516672134399,14.3653335571289,-1.75666666030884,949,135,11,59.708812713623,400,65,65,383,14.7709999084473,44.7334938049316,672.040283203125,25.4559993743896,-7.56400012969971,33.0200004577637,-0.886000037193298,14.3653335571289
"species",187,187,9.80700016021729,21.2080001831055,-1.03066670894623,245,32,6,38.5787048339844,88,28,33,79,14.8246669769287,37.7064476013184,897.318420410156,32.4560012817383,-6.8600001335144,39.3160018920898,-0.278666645288467,20.496000289917
"species",188,188,-2.1159999370575,11.4626665115356,-16.753999710083,246,50,3,65.8520812988281,122,19,122,38,12.1366662979126,27.8363914489746,1147.74328613281,19.6679992675781,-23.931999206543,43.5999984741211,11.4626665115356,-8.65666675567627
"species",189,189,9.15816688537598,15.8680000305176,2.96933317184448,1477,250,27,66.4530029296875,709,112,113,622,8.47833347320557,37.277229309082,533.420959472656,22.6720008850098,-0.0720000043511391,22.7440013885498,3.50466656684875,15.7840003967285
"species",190,190,10.1875,16.2777786254883,4.59166669845581,778,132,18,65.8866653442383,383,68,69,340,7.35277795791626,36.1612014770508,485.884674072266,22.1166667938232,1.78333330154419,20.3333339691162,4.99444437026978,16.2555561065674
"species",191,191,10.1875,16.2777786254883,4.59166669845581,778,132,18,65.8866653442383,383,68,69,340,7.35277795791626,36.1612014770508,485.884674072266,22.1166667938232,1.78333330154419,20.3333339691162,4.99444437026978,16.2555561065674
"species",192,192,8.51583290100098,16.4333324432373,2.01200008392334,821,142,4,76.6660690307617,408,42,74,400,13.820333480835,46.759822845459,606.474975585938,25.5879993438721,-3.96799993515015,29.5559997558594,2.16600012779236,13.5679998397827
"species",193,193,6.92133331298828,15.0100002288818,0.588666677474976,749,137,5,80.5495758056641,370,23,37,369,12.5006666183472,43.4775543212891,602.480041503906,23.8320007324219,-4.92000007629395,28.7520008087158,0.594666659832001,14.1926670074463
"species",194,194,10.1875,16.2777786254883,4.59166669845581,778,132,18,65.8866653442383,383,68,69,340,7.35277795791626,36.1612014770508,485.884674072266,22.1166667938232,1.78333330154419,20.3333339691162,4.99444437026978,16.2555561065674
"species",195,195,4.15850019454956,12.5646667480469,-3.28266668319702,546,76,18,37.836353302002,210,72,72,192,15.2716665267944,44.6592216491699,653.131042480469,24.9160003662109,-9.27999973297119,34.1959991455078,-2.29000020027161,12.5646667480469
"species",196,196,6.16400003433228,16.8026657104492,-5.38933324813843,350,50,12,40.7915649414062,138,41,138,67,11.4820003509521,31.3647289276123,897.968811035156,24.9680004119873,-11.6400003433228,36.6080017089844,16.8026657104492,1.8566666841507
"species",197,197,4.35449981689453,13.434666633606,-3.04200005531311,501,58,13,35.4491386413574,172,73,129,165,13.0683336257935,41.3345565795898,691.5869140625,22.6200008392334,-8.99600028991699,31.6160011291504,-2.98733353614807,5.32999992370605
"species",198,198,6.94449996948242,16.4799995422363,-1.87999999523163,368,63,11,62.6004104614258,170,34,40,170,17.0023326873779,45.2334060668945,751.990112304688,27.6040000915527,-9.98400020599365,37.5880012512207,-1.87999999523163,16.4793338775635
"species",199,199,5.10249996185303,13.5819997787476,-1.55066668987274,729,137,7,79.5041885375977,365,28,43,365,12.5016670227051,41.9406433105469,630.940551757812,22.5520000457764,-7.25600004196167,29.8080005645752,-1.55066668987274,12.7986669540405
"species",200,200,3.05583333969116,12.7553329467773,-4.010666847229,504,60,18,30.02858543396,167,71,71,154,11.0383329391479,36.1627998352051,690.137268066406,21.6720008850098,-8.85200023651123,30.5240020751953,-2.91066670417786,12.7553329467773
"species",201,201,10.0725002288818,15.1949996948242,5.52166652679443,773,131,18,65.7000198364258,380,67,67,337,6.87666654586792,38.5247459411621,402.213165283203,20.5599994659424,2.71000003814697,17.8499984741211,5.93666648864746,15.1949996948242
"species",202,202,9.43333339691162,16.1000003814697,3.35833334922791,1541,248,42,56.9889678955078,692,155,158,583,7.53333330154419,34.5565757751465,524.680969238281,21.9249992370605,0.125,21.7999992370605,3.82916665077209,15.8666667938232
"species",203,203,3.3730001449585,13.4646663665771,-5.13866662979126,487,52,31,17.1418571472168,140,95,95,135,12.8013334274292,38.3319358825684,761.938598632812,22.9479999542236,-10.4479999542236,33.3959999084473,-3.74799990653992,13.4646663665771
"species",204,204,9.43333339691162,16.1000003814697,3.35833334922791,1541,248,42,56.9889678955078,692,155,158,583,7.53333330154419,34.5565757751465,524.680969238281,21.9249992370605,0.125,21.7999992370605,3.82916665077209,15.8666667938232
"species",205,205,-0.379833400249481,8.37866687774658,-6.74600028991699,798,133,21,63.9912071228027,363,70,79,337,13.7116670608521,43.5622901916504,627.612548828125,17.7399997711182,-13.7360000610352,31.4759998321533,-5.18933343887329,7.08799982070923
"species",206,206,14.3628330230713,20.0419998168945,9.87933349609375,523,103,0,94.3921356201172,297,4,12,283,15.7676668167114,57.3787002563477,424.384399414062,30.1560001373291,2.67600011825562,27.4799995422363,10.0206661224365,19.3466663360596
"species",207,207,0.0788333714008331,9.02533340454102,-6.57866668701172,597,89,20,49.4086456298828,243,73,90,231,14.110333442688,44.5795936584473,648.323303222656,18.3840007781982,-13.2679996490479,31.6520004272461,-6.05866670608521,4.26000022888184
"species",208,208,3.40583348274231,12.5780000686646,-3.93333315849304,943,166,14,71.9029769897461,448,56,60,448,13.6403331756592,42.1257972717285,680.302185058594,22.3880004882812,-9.99199962615967,32.3800010681152,-3.93333315849304,11.7880001068115
"species",209,209,6.16400003433228,16.8026657104492,-5.38933324813843,350,50,12,40.7915649414062,138,41,138,67,11.4820003509521,31.3647289276123,897.968811035156,24.9680004119873,-11.6400003433228,36.6080017089844,16.8026657104492,1.8566666841507
"species",210,210,8.38249969482422,18.5966663360596,-1.29466664791107,429,59,17,38.8843955993652,166,55,67,148,11.3716669082642,34.1040878295898,809.521545410156,28.0319995880127,-5.3120002746582,33.3440017700195,-0.771333277225494,18.0846672058105
"species",211,211,12.3900003433228,20.3680000305176,5.6366662979126,839,151,2,84.7076797485352,444,20,43,421,13.7106666564941,46.8708686828613,609.438720703125,29.0319995880127,-0.219999998807907,29.2519989013672,6.12333345413208,20.0480003356934
"species",212,212,7.72116661071777,16.2019996643066,0.0993332862854004,306,47,13,45.0680999755859,131,43,50,121,16.1070003509521,47.3679580688477,661.365600585938,27.988000869751,-6.01599979400635,34.0040016174316,0.5046666264534,15.9233331680298
"species",213,213,10.1525640487671,16.6551284790039,4.09358978271484,1389,218,43,52.4911613464355,601,146,150,518,6.55128192901611,31.5782985687256,518.51123046875,21.7999992370605,1.05384612083435,20.7461528778076,4.68076944351196,16.5948715209961
"species",214,214,5.24583339691162,14.3486671447754,-2.50200009346008,1035,184,11,74.2989273071289,495,51,53,495,14.4183330535889,43.0655136108398,692.752014160156,24.8959999084473,-8.58399963378906,33.4799995422363,-2.50200009346008,13.8466672897339
"species",215,215,-0.379833400249481,8.37866687774658,-6.74600028991699,798,133,21,63.9912071228027,363,70,79,337,13.7116670608521,43.5622901916504,627.612548828125,17.7399997711182,-13.7360000610352,31.4759998321533,-5.18933343887329,7.08799982070923
"species",216,216,5.24266672134399,14.0679998397827,-1.92599999904633,775,148,6,80.1196670532227,387,24,41,387,13.1499996185303,41.7991104125977,659.5654296875,23.3920001983643,-8.06799983978271,31.4599990844727,-1.92599999904633,13.2633333206177
"species",217,217,2.07083320617676,11.0073328018188,-5.12199974060059,617,101,20,58.9563484191895,273,64,67,272,16.091667175293,46.6587409973145,668.469665527344,21.7399997711182,-12.7480001449585,34.4879989624023,-3.57800006866455,10.293999671936
"species",218,218,5.23233318328857,14.0766668319702,-2.24533343315125,1024,182,11,73.6001281738281,490,52,54,490,14.3473329544067,43.4083671569824,672.506408691406,24.6760005950928,-8.37600040435791,33.052001953125,-2.24533343315125,13.5839996337891
"species",219,219,3.32966661453247,12.3406667709351,-3.57933330535889,407,64,14,50.4024505615234,172,51,65,159,15.0566663742065,45.9661331176758,668.153930664062,22.0359992980957,-10.7200002670288,32.7560005187988,-3.48866677284241,8.36600017547607
"species",220,220,-0.540999948978424,8.36466693878174,-7.05933332443237,648,92,22,48.4035148620605,256,81,97,252,13.5313329696655,43.3752212524414,640.973327636719,17.431999206543,-13.7639999389648,31.1959991455078,-6.44733333587646,3.46266674995422
"species",221,221,0.470333337783813,9.56400012969971,-6.43533325195312,638,105,17,59.5358047485352,280,63,78,267,13.6006669998169,43.1219635009766,664.045715332031,18.6879997253418,-12.8520002365112,31.5400009155273,-6.16933345794678,4.8986668586731
"species",222,222,4.08199977874756,13.2053337097168,-3.09866666793823,428,68,12,53.4729270935059,183,48,64,183,14.1366662979126,44.0999069213867,683.064392089844,22.4759998321533,-9.57999992370605,32.0559997558594,-3.09866666793823,9.44133281707764
"species",223,223,5.18650007247925,14.0186672210693,-1.99733340740204,984,176,12,75.3075561523438,474,48,54,474,14.0450000762939,43.940055847168,665.658935546875,23.8640003204346,-8.10000038146973,31.9640007019043,-1.99733340740204,13.4886665344238
"species",224,224,3.37549996376038,12.6186666488647,-4.07600021362305,908,159,14,70.8842315673828,429,56,61,429,13.91100025177,42.2518539428711,687.780822753906,22.6199989318848,-10.3039999008179,32.923999786377,-4.07600021362305,11.8680000305176
"species",225,225,0.571166634559631,9.41866683959961,-6,722,122,21,63.2833404541016,331,68,75,302,14.3656663894653,44.3056602478027,639.954345703125,19.1719989776611,-13.2519998550415,32.423999786377,-4.39133358001709,8.36533355712891
"species",226,226,7.46683311462402,16.2819995880127,-0.957333266735077,422,61,8,54.1801223754883,178,37,41,174,16.179666519165,44.9385261535645,705.600341796875,28.2560005187988,-7.7480001449585,36.0040016174316,-0.096666693687439,16.1506671905518
"species",227,227,6.03250026702881,14.7320003509521,-1.99333345890045,771,140,10,74.5381927490234,376,43,43,376,14.5430002212524,43.5993537902832,690.802856445312,25.1200008392334,-8.23600006103516,33.3560028076172,-1.99333345890045,14.7320003509521
"species",228,228,10.1875,16.2777786254883,4.59166669845581,778,132,18,65.8866653442383,383,68,69,340,7.35277795791626,36.1612014770508,485.884674072266,22.1166667938232,1.78333330154419,20.3333339691162,4.99444437026978,16.2555561065674
"species",229,229,-1.23249995708466,12.3686666488647,-15.9959993362427,257,41,3,52.1781692504883,110,23,109,49,11.2043333053589,25.8712787628174,1151.67578125,20.3719997406006,-22.935998916626,43.3079986572266,10.8573331832886,-7.37666654586792
"species",230,230,7.69733333587646,17.2946662902832,-1.60466659069061,259,30,10,30.5303554534912,90,37,45,82,16.1840000152588,43.7547302246094,765.402709960938,29.2239990234375,-7.76399993896484,36.9879989624023,-0.81199985742569,16.9680004119873
"species",231,231,5.15083360671997,13.4146671295166,-2.02999997138977,1217,207,18,69.1455917358398,595,79,83,545,14.2043333053589,44.2447471618652,635.968017578125,24.6160011291504,-7.48799991607666,32.1040000915527,-1.25533330440521,13.0693340301514
"species",232,232,4.81733322143555,16.1719989776611,-6.2979998588562,494,60,30,22.2661743164062,163,103,142,103,14.8126668930054,37.1803894042969,913.579956054688,26.9839992523193,-12.8559999465942,39.8400001525879,13.3613338470459,-6.2979998588562
"species",233,233,4.81733322143555,16.1719989776611,-6.2979998588562,494,60,30,22.2661743164062,163,103,142,103,14.8126668930054,37.1803894042969,913.579956054688,26.9839992523193,-12.8559999465942,39.8400001525879,13.3613338470459,-6.2979998588562
"species",234,234,3.37549996376038,12.6186666488647,-4.07600021362305,908,159,14,70.8842315673828,429,56,61,429,13.91100025177,42.2518539428711,687.780822753906,22.6199989318848,-10.3039999008179,32.923999786377,-4.07600021362305,11.8680000305176
"species",235,235,0.923999965190887,10.3726663589478,-8.36800003051758,642,71,39,18.3569622039795,197,132,150,190,15.4826669692993,41.6379814147949,772.271728515625,21.076000213623,-16.1079998016357,37.1839981079102,-6.67933320999146,7.49866676330566
"species",236,236,5.83883333206177,15.1073331832886,-2.09066677093506,479,57,12,37.7682228088379,161,52,52,148,14.2156667709351,42.2130508422852,706.577087402344,25.7639999389648,-7.91200017929077,33.6759986877441,-1.10800004005432,15.1073331832886
"species",237,237,5.28200006484985,14.0826663970947,-2.23666667938232,950,174,10,76.0753631591797,467,48,51,467,13.7379999160767,42.8188514709473,672.260131835938,24.0440006256104,-8.03999996185303,32.0839996337891,-2.23666667938232,13.6966667175293
"species",238,238,5.13549995422363,13.9246664047241,-2.21666669845581,980,173,11,72.5079040527344,467,53,54,467,14.1916666030884,43.426155090332,666.577270507812,24.3999996185303,-8.27999973297119,32.6800003051758,-2.21666669845581,13.4379997253418
"species",239,239,5.97200012207031,14.7106666564941,-1.00133335590363,1216,212,10,74.2136993408203,574,54,56,574,13.9580001831055,43.8269271850586,653.731079101562,25.0839996337891,-6.76399993896484,31.8479995727539,-1.00133335590363,14.0053329467773
"species",240,240,0.0788333714008331,9.02533340454102,-6.57866668701172,597,89,20,49.4086456298828,243,73,90,231,14.110333442688,44.5795936584473,648.323303222656,18.3840007781982,-13.2679996490479,31.6520004272461,-6.05866670608521,4.26000022888184
"species",241,241,9.98229122161865,15.0625,5.34999990463257,564,90,19,53.255744934082,255,67,67,222,7.63958358764648,41.4069557189941,401.329254150391,20.6749992370605,2.22499990463257,18.4499988555908,5.72083330154419,15.0625
"species",242,242,5.89099979400635,14.5,-1.1986665725708,1169,213,10,77.1965026855469,570,49,54,570,14.1326665878296,44.5375862121582,653.550598144531,24.5839996337891,-7.14799976348877,31.7319984436035,-1.1986665725708,14.0266666412354
"species",243,243,7.59800004959106,16.2959995269775,-0.57399994134903,576,95,8,65.8890991210938,259,37,37,259,16.7700004577637,46.7182998657227,694.545288085938,28.7439994812012,-7.15199995040894,35.8959999084473,-0.57399994134903,16.2959995269775
"species",244,244,10.4248332977295,20.0893325805664,1.5386666059494,213,31,8,43.5143089294434,85,29,31,85,17.9243335723877,46.0164642333984,758.516357421875,32.4879989624023,-6.46400022506714,38.9519996643066,1.5386666059494,19.7180004119873
"species",245,245,2.67383337020874,12.8246669769287,-8.22000026702881,507,57,19,27.6425647735596,158,73,158,123,11.0096664428711,31.4310455322266,853.889770507812,20.3959999084473,-14.6319999694824,35.0279998779297,12.8246669769287,-2.10733318328857
"species",246,246,9.75034713745117,15.3319444656372,4.74722242355347,839,137,22,59.2807540893555,391,77,77,339,7.12847232818604,37.2730560302734,438.065277099609,20.7583332061768,1.63333332538605,19.125,5.21944427490234,15.3319444656372
"species",247,247,3.30833339691162,12.3426666259766,-3.83533334732056,793,138,15,68.9341812133789,372,55,59,372,14.4259996414185,43.9120903015137,668.988342285156,22.503999710083,-10.3479995727539,32.8519973754883,-3.83533334732056,11.6213331222534
"species",248,248,2.47283339500427,11.4180002212524,-4.22466659545898,814,139,18,67.7174758911133,376,61,67,376,14.7343330383301,44.7199630737305,654.509460449219,21.5799999237061,-11.3680000305176,32.947998046875,-4.22466659545898,10.4546670913696
"species",249,249,1.21366667747498,10.2593336105347,-5.34333324432373,849,144,20,66.6586456298828,389,66,73,369,14.1513338088989,43.5640106201172,651.671936035156,20.1760005950928,-12.3079996109009,32.484001159668,-3.87733340263367,9.05399990081787
"species",250,250,1.05499994754791,9.99333381652832,-5.70133352279663,755,130,20,66.3557586669922,349,62,69,347,14.506667137146,44.1146659851074,647.739685058594,20.003999710083,-12.8800001144409,32.8839988708496,-4.37133359909058,8.90333366394043
"species",251,251,7.42500019073486,15.8219995498657,0.5,935,169,10,77.3815841674805,456,40,47,456,14.2360000610352,45.5406265258789,641.420532226562,25.6359996795654,-5.62400007247925,31.2600002288818,0.5,15.5686664581299
"species",252,252,1.51233327388763,10.7399997711182,-5.39266681671143,807,137,19,66.9493026733398,370,63,69,370,14.8846664428711,44.1943778991699,669.680114746094,21.1840000152588,-12.496000289917,33.6800003051758,-5.39266681671143,9.56133365631104
"species",253,253,3.54983353614807,12.691333770752,-3.79199981689453,781,135,15,68.5253982543945,366,55,59,366,14.4856662750244,43.6315269470215,681.442749023438,22.8920001983643,-10.3079996109009,33.2000007629395,-3.79199981689453,12.0346670150757
"species",254,254,3.30833339691162,12.3426666259766,-3.83533334732056,793,138,15,68.9341812133789,372,55,59,372,14.4259996414185,43.9120903015137,668.988342285156,22.503999710083,-10.3479995727539,32.8519973754883,-3.83533334732056,11.6213331222534
"species",255,255,4.29549980163574,15.0826663970947,-6.69000005722046,449,56,20,32.6906280517578,159,67,77,159,16.3396663665771,40.0717735290527,887.262817382812,26.7520008087158,-14.0240001678467,40.7760009765625,-6.69000005722046,14.7919998168945
"species",256,256,9.7814998626709,18.3600006103516,1.67866659164429,759,137,5,76.4740142822266,367,30,30,367,17.7743339538574,48.9920997619629,685.232482910156,31.2719993591309,-5.00799989700317,36.2799987792969,1.67866659164429,18.3600006103516
"species",257,257,8.4176664352417,16.9080009460449,0.855333268642426,848,132,7,64.9463195800781,382,51,51,366,16.2980003356934,47.3448753356934,669.831420898438,28.8640003204346,-5.55999994277954,34.423999786377,1.41000008583069,16.9080009460449
"species",258,258,5.39233350753784,13.4659996032715,-0.879999935626984,1234,193,13,66.5304260253906,562,73,73,534,13.9060001373291,46.4400215148926,600.275573730469,23.7840003967285,-6.15999984741211,29.9440002441406,-0.109333276748657,12.8339996337891
"species",259,259,6.56316661834717,14.9680004119873,-0.951333343982697,753,138,10,74.8804016113281,371,43,45,371,14.2589998245239,44.4870834350586,661.087280273438,25.0559997558594,-6.99599981307983,32.0519981384277,-0.951333343982697,14.9180002212524
"species",260,260,4.86083316802979,13.970666885376,-2.67266654968262,476,57,12,35.5624694824219,164,70,123,154,13.3716669082642,41.7812347412109,696.560791015625,23.2280006408691,-8.77600002288818,32.0040016174316,-2.5293333530426,5.93466663360596
"species",261,261,4.22583341598511,13.1020002365112,-3.13333344459534,816,143,13,70.9781875610352,386,51,55,386,14.4623336791992,43.9104118347168,669.961853027344,23.1959991455078,-9.73999977111816,32.9359970092773,-3.13333344459534,12.6126661300659
"species",262,262,2.83266663551331,11.9713335037231,-4.53933334350586,486,83,12,61.1713485717773,218,44,56,218,14.195333480835,43.2784538269043,681.958129882812,21.4680004119873,-11.3319997787476,32.7999992370605,-4.53933334350586,11.3486661911011
"species",263,263,7.36999988555908,15.4860000610352,1.27999997138977,911,163,6,80.6761856079102,462,23,40,462,13.1386671066284,44.5257759094238,591.970642089844,24.5200004577637,-4.98799991607666,29.507999420166,1.27999997138977,14.6306667327881
"species",264,264,2.83266663551331,11.9713335037231,-4.53933334350586,486,83,12,61.1713485717773,218,44,56,218,14.195333480835,43.2784538269043,681.958129882812,21.4680004119873,-11.3319997787476,32.7999992370605,-4.53933334350586,11.3486661911011
"species",265,265,3.99166655540466,11.7533330917358,-2.44066667556763,2108,342,29,61.8446807861328,969,157,164,914,9.73799991607666,37.1622657775879,580.332458496094,20.007999420166,-6.19600009918213,26.2039985656738,-1.72733330726624,11.1013326644897
"species",266,266,9.78766632080078,19.9966659545898,0.346000105142593,227,28,7,30.4628009796143,71,33,42,59,16.0606670379639,42.3005332946777,802.914184570312,32,-5.96799993515015,37.9679985046387,8.51000022888184,19.7866668701172
"species",267,267,3.32966661453247,12.3406667709351,-3.57933330535889,407,64,14,50.4024505615234,172,51,65,159,15.0566663742065,45.9661331176758,668.153930664062,22.0359992980957,-10.7200002670288,32.7560005187988,-3.48866677284241,8.36600017547607
"species",268,268,11.9843330383301,19.9619998931885,5.51333332061768,709,121,3,77.8146362304688,357,34,62,346,15.0566663742065,49.8235168457031,605.130920410156,29.3799991607666,-0.840000033378601,30.2199993133545,5.66333341598511,16.7933330535889
"species",269,269,8.76616668701172,18.0573329925537,0.664000034332275,340,49,7,49.0446853637695,140,39,63,137,14.0590000152588,42.2801628112793,725.736755371094,27.7840003967285,-5.46799993515015,33.2519989013672,1.21066665649414,15.0100002288818
"species",270,270,7.81666660308838,15.8146667480469,1.56266665458679,730,137,5,86.0363922119141,378,22,33,351,12.996000289917,45.3517608642578,593.902954101562,24.9440002441406,-3.71199989318848,28.6560001373291,2.99333333969116,15.1059999465942
"species",271,271,6.97700023651123,16.3486671447754,-1.2593332529068,377,44,10,35.1345672607422,126,54,91,120,13.8459997177124,40.9354286193848,733.050109863281,26.1520004272461,-7.67199993133545,33.8240013122559,-0.681999862194061,8.8033332824707
"species",272,272,2.87483334541321,14.2379999160767,-9.17666625976562,378,51,23,27.7853908538818,136,76,120,79,18.3996658325195,40.6030235290527,952.791931152344,25.5839996337891,-19.7320003509521,45.3160018920898,13.8706665039062,-7.21466684341431
"species",273,273,1.95366668701172,12.5346670150757,-8.47799968719482,302,41,16,26.9658069610596,100,55,86,55,15.3366670608521,39.2563400268555,859.744934082031,23.1760005950928,-15.8920001983643,39.068000793457,9.90066623687744,-8.47799968719482
"species",274,274,9.64150047302246,18.1653327941895,1.83133339881897,1012,173,8,72.8849945068359,471,47,47,471,16.4249992370605,47.2743492126465,675.158630371094,30.068000793457,-4.67600011825562,34.7439994812012,2.45333337783813,18.1653327941895
"species",275,275,8.42216682434082,16.9213333129883,0.579333364963531,946,172,6,78.1904907226562,459,37,37,459,15.5650005340576,46.2143707275391,676.458312988281,28.5400009155273,-5.1399998664856,33.6800003051758,0.579333364963531,16.9213333129883
"species",276,276,10.4299240112305,14.6393938064575,6.71060609817505,2128,335,36,62.2511787414551,972,153,160,900,9.03863620758057,52.6058197021484,328.855010986328,19.9545459747314,2.77272725105286,17.1818180084229,7.03030300140381,14.4030303955078
"species",277,277,6.3531665802002,14.6026668548584,-0.546666622161865,1011,150,10,61.8202667236328,440,66,67,417,14.6050004959106,46.1132850646973,635.710876464844,25.3920001983643,-6.28000020980835,31.6720008850098,0.20066674053669,14.4313335418701
"species",278,278,3.54983353614807,12.691333770752,-3.79199981689453,781,135,15,68.5253982543945,366,55,59,366,14.4856662750244,43.6315269470215,681.442749023438,22.8920001983643,-10.3079996109009,33.2000007629395,-3.79199981689453,12.0346670150757
"species",279,279,4.49716663360596,14.2659997940063,-4.31199979782104,410,43,25,13.3284864425659,118,93,118,94,14.2403335571289,40.2906646728516,768.117858886719,23.9360008239746,-11.4079999923706,35.3440017700195,14.2659997940063,6.53866672515869
"species",280,280,3.51583337783813,11.2386665344238,-2.06733322143555,1546,248,23,66.5764694213867,727,99,101,675,12.1383333206177,44.1137275695801,565.417663574219,20.6399993896484,-6.87599992752075,27.515998840332,-1.48933339118958,10.5019998550415
"species",281,281,4.75833320617676,13.8346672058105,-3.40866661071777,457,74,15,58.4015159606934,203,50,51,203,18.2600002288818,48.7193183898926,706.330932617188,25.6879997253418,-11.7919998168945,37.4799995422363,-3.40866661071777,13.5713329315186
"species",282,282,2.9171667098999,11.3959999084473,-3.58333325386047,1694,271,25,66.3239135742188,794,107,110,737,12.5570001602173,41.7231521606445,621.59423828125,21.4440002441406,-8.65200042724609,30.0960006713867,-3.01533341407776,10.5586671829224
"species",283,283,6.46950006484985,15.1920003890991,-1.12733340263367,386,53,15,39.6015129089355,151,49,60,135,15.2096662521362,44.8239593505859,680.153259277344,26.8840007781982,-7.0479998588562,33.931999206543,-0.564000010490417,15.1840000152588
"species",284,284,1.61866676807404,10.716667175293,-5.43066644668579,546,94,14,61.3802909851074,246,51,63,246,13.7086668014526,42.8449401855469,671.757019042969,19.8920001983643,-12.1040000915527,31.996000289917,-5.43066644668579,9.94400024414062
"species",285,285,0.0343332886695862,9.26333332061768,-7.59266662597656,576,75,35,24.8123474121094,191,116,145,121,12.3393335342407,38.8615951538086,709.170349121094,18.4879989624023,-13.2639999389648,31.7519989013672,1.3933333158493,-3.38600015640259
"species",286,286,3.47683334350586,12.5746669769287,-3.64733338356018,434,68,16,51.8539085388184,182,55,61,182,16.2930011749268,46.9918098449707,678.612915039062,23.2000007629395,-11.4720001220703,34.6720008850098,-2.17666673660278,8.7180004119873
"species",287,287,0.188333451747894,9.1646671295166,-6.45133304595947,743,126,20,64.6843490600586,341,66,74,316,14.2620000839233,43.8506965637207,647.547729492188,18.8600006103516,-13.6639995574951,32.5240020751953,-4.91599988937378,7.92866706848145
"species",288,288,0.0788333714008331,9.02533340454102,-6.57866668701172,597,89,20,49.4086456298828,243,73,90,231,14.110333442688,44.5795936584473,648.323303222656,18.3840007781982,-13.2679996490479,31.6520004272461,-6.05866670608521,4.26000022888184
"species",289,289,10.1875,16.2777786254883,4.59166669845581,778,132,18,65.8866653442383,383,68,69,340,7.35277795791626,36.1612014770508,485.884674072266,22.1166667938232,1.78333330154419,20.3333339691162,4.99444437026978,16.2555561065674
"species",290,290,10.1875,16.2777786254883,4.59166669845581,778,132,18,65.8866653442383,383,68,69,340,7.35277795791626,36.1612014770508,485.884674072266,22.1166667938232,1.78333330154419,20.3333339691162,4.99444437026978,16.2555561065674
"species",291,291,2.48650002479553,12.7173337936401,-6.62866687774658,608,86,33,29.4842624664307,216,111,165,111,12.5729999542236,36.591968536377,790.015319824219,21.931999206543,-12.4280004501343,34.3600006103516,5.34133338928223,-6.62866687774658
"species",292,292,2.48650002479553,12.7173337936401,-6.62866687774658,608,86,33,29.4842624664307,216,111,165,111,12.5729999542236,36.591968536377,790.015319824219,21.931999206543,-12.4280004501343,34.3600006103516,5.34133338928223,-6.62866687774658
"species",293,293,5.0198335647583,14.3280000686646,-3.49533319473267,564,101,9,72.5504837036133,276,36,50,276,14.5103330612183,42.0686912536621,731.335693359375,24.503999710083,-9.98799991607666,34.492000579834,-3.49533319473267,13.953332901001
"species",294,294,4.98033332824707,13.8966665267944,-2.61600017547607,888,160,12,73.5676727294922,429,50,53,429,13.7600002288818,42.563720703125,681.71044921875,23.7080001831055,-8.61999988555908,32.3279991149902,-2.61600017547607,13.5373334884644
"species",295,295,4.08199977874756,13.2053337097168,-3.09866666793823,428,68,12,53.4729270935059,183,48,64,183,14.1366662979126,44.0999069213867,683.064392089844,22.4759998321533,-9.57999992370605,32.0559997558594,-3.09866666793823,9.44133281707764
"species",296,296,3.37549996376038,12.6186666488647,-4.07600021362305,908,159,14,70.8842315673828,429,56,61,429,13.91100025177,42.2518539428711,687.780822753906,22.6199989318848,-10.3039999008179,32.923999786377,-4.07600021362305,11.8680000305176
"species",297,297,5.18650007247925,14.0186672210693,-1.99733340740204,984,176,12,75.3075561523438,474,48,54,474,14.0450000762939,43.940055847168,665.658935546875,23.8640003204346,-8.10000038146973,31.9640007019043,-1.99733340740204,13.4886665344238
"species",298,298,1.88749992847443,11.0426664352417,-5.1026668548584,553,95,15,60.3007583618164,248,56,68,232,14.0550003051758,43.7523345947266,672.34716796875,20.4039993286133,-11.7200002670288,32.1240005493164,-4.88199996948242,6.6100001335144
"species",299,299,3.32966661453247,12.3406667709351,-3.57933330535889,407,64,14,50.4024505615234,172,51,65,159,15.0566663742065,45.9661331176758,668.153930664062,22.0359992980957,-10.7200002670288,32.7560005187988,-3.48866677284241,8.36600017547607
"species",300,300,17.3586673736572,26.1453342437744,8.82066631317139,330,64,0,86.4469146728516,183,4,4,169,14.4879999160767,42.7930030822754,714.5185546875,36.2680015563965,2.41199994087219,33.8560028076172,10.6853332519531,26.1453342437744
"species",301,301,2.77349996566772,13.6319999694824,-8.81533336639404,467,66,21,40.373664855957,189,67,189,86,12.0249996185303,32.8300743103027,908.140319824219,21.568000793457,-15.0600004196167,36.628002166748,13.6319999694824,-1.70133340358734
"species",302,302,9.17233371734619,17.7446670532227,1.50466656684875,747,127,4,76.1348419189453,373,39,46,361,15.9133329391479,47.2598419189453,669.086303710938,28.1919994354248,-5.48000001907349,33.6720008850098,2.33599996566772,15.3246669769287
"species",303,303,10.1875,16.2777786254883,4.59166669845581,778,132,18,65.8866653442383,383,68,69,340,7.35277795791626,36.1612014770508,485.884674072266,22.1166667938232,1.78333330154419,20.3333339691162,4.99444437026978,16.2555561065674
"species",304,304,5.55383348464966,16.2406673431396,-5.7906665802002,238,48,6,60.916633605957,115,23,105,23,17.8470001220703,41.9179840087891,889.978576660156,26.8479995727539,-15.7279996871948,42.576000213623,15.5746660232544,-5.7906665802002
"species",305,305,4.03399991989136,13.5299997329712,-4.16400003433228,470,55,27,25.296667098999,153,90,153,90,15.4419994354248,43.9892883300781,732.018310546875,23.5359992980957,-11.5679998397827,35.1040000915527,13.5299997329712,-0.0926665440201759
"species",306,306,5.58550024032593,16.6800003051758,-4.8493332862854,276,39,13,32.8564376831055,95,40,81,40,15.4143333435059,39.3986625671387,872.126647949219,27.4440002441406,-11.6800003051758,39.1240005493164,14.0413331985474,-4.8493332862854
"species",307,307,10.3074998855591,22.0393333435059,-1.20000004768372,252,30,11,30.8896389007568,90,40,71,40,15.8696670532227,37.8461952209473,937.434509277344,32.6679992675781,-9.26399993896484,41.931999206543,16.7913341522217,-1.20000004768372
"species",308,308,2.08883333206177,12.5579996109009,-7.86133337020874,428,46,29,14.6330013275146,130,97,124,97,16.607666015625,41.8413467407227,848.782653808594,23.4039993286133,-16.2880001068115,39.6920013427734,12.482666015625,-6.90933322906494
"species",309,309,2.48650002479553,12.7173337936401,-6.62866687774658,608,86,33,29.4842624664307,216,111,165,111,12.5729999542236,36.591968536377,790.015319824219,21.931999206543,-12.4280004501343,34.3600006103516,5.34133338928223,-6.62866687774658
"species",310,310,5.01183319091797,15.5600004196167,-4.94199991226196,340,60,8,58.3874206542969,154,30,133,30,14.3636665344238,38.3235511779785,835.723571777344,26.0559997558594,-11.423999786377,37.4799995422363,12.9406671524048,-4.94199991226196
"species",311,311,5.7558331489563,16.5226669311523,-4.35866641998291,262,51,5,66.5984954833984,126,21,112,21,15.792332649231,40.0739288330078,849.765197753906,27.8239994049072,-11.5839996337891,39.4079971313477,13.9133329391479,-4.35866641998291
"species",312,312,11.0866661071777,18.1186656951904,4.41733312606812,1003,151,25,53.1732025146484,433,100,100,392,10.1266670227051,40.1851844787598,563.606567382812,25.8479995727539,0.648000001907349,25.1999988555908,4.85666656494141,18.1186656951904
"species",313,313,0.0343332886695862,9.26333332061768,-7.59266662597656,576,75,35,24.8123474121094,191,116,145,121,12.3393335342407,38.8615951538086,709.170349121094,18.4879989624023,-13.2639999389648,31.7519989013672,1.3933333158493,-3.38600015640259
"species",314,314,1.71200001239777,10.5260000228882,-5.1986665725708,588,77,34,26.9814758300781,199,115,151,123,12.6120004653931,40.5165748596191,675.179748535156,19.8680000305176,-11.2600002288818,31.1280002593994,7.43266677856445,-1.33399987220764
"species",315,315,1.71200001239777,10.5260000228882,-5.1986665725708,588,77,34,26.9814758300781,199,115,151,123,12.6120004653931,40.5165748596191,675.179748535156,19.8680000305176,-11.2600002288818,31.1280002593994,7.43266677856445,-1.33399987220764
"species",316,316,7.9888334274292,16.4699993133545,0.227333381772041,301,46,12,47.8698501586914,132,40,47,122,16.5563335418701,47.7347869873047,664.721984863281,28.6200008392334,-6.06400012969971,34.6840019226074,0.614000141620636,16.1646671295166
"species",317,317,2.48650002479553,12.7173337936401,-6.62866687774658,608,86,33,29.4842624664307,216,111,165,111,12.5729999542236,36.591968536377,790.015319824219,21.931999206543,-12.4280004501343,34.3600006103516,5.34133338928223,-6.62866687774658
"species",318,318,8.85550022125244,20.0666656494141,-1.14466679096222,332,63,8,62.2658348083496,157,27,123,27,16.0676670074463,40.6447105407715,865.044616699219,31.0359992980957,-8.49600028991699,39.5319976806641,17.275333404541,-1.14466679096222
"species",319,319,9.12783336639404,20.4566669464111,-1.87266659736633,330,35,20,18.5365104675293,101,64,83,64,16.3549995422363,39.4248390197754,903.596801757812,31.3239994049072,-10.1599998474121,41.484001159668,15.7333335876465,-1.87266659736633
"species",320,320,8.2504997253418,19.0659999847412,-1.22666656970978,384,61,11,54.2538871765137,168,33,146,33,15.6990003585815,41.3262062072754,831.8203125,29.0279998779297,-8.96000003814697,37.9879989624023,16.3233337402344,-1.22666656970978
"species",321,321,6.45149993896484,15.4099998474121,-2.23066687583923,660,115,9,71.1683578491211,312,41,41,310,17.4370002746582,46.5483169555664,719.603942871094,27.5559997558594,-9.9040002822876,37.4599990844727,-0.754666805267334,15.4099998474121
"species",322,322,9.51432323455811,16.2937507629395,3.16145825386047,1410,230,36,61.039608001709,648,128,129,566,8.4921875,36.6635208129883,539.078918457031,22.6937484741211,-0.46875,23.1624984741211,3.82291674613953,16.1312503814697
"species",323,323,10.1875,16.2777786254883,4.59166669845581,778,132,18,65.8866653442383,383,68,69,340,7.35277795791626,36.1612014770508,485.884674072266,22.1166667938232,1.78333330154419,20.3333339691162,4.99444437026978,16.2555561065674
"species",324,324,6.198166847229,13.5853338241577,0.0479999370872974,1939,327,26,66.0361862182617,925,135,144,863,11.9910001754761,43.4267730712891,562.163146972656,23.3759994506836,-4.23600006103516,27.6119995117188,0.569999933242798,13.2233333587646
"species",325,325,10.1875,16.2777786254883,4.59166669845581,778,132,18,65.8866653442383,383,68,69,340,7.35277795791626,36.1612014770508,485.884674072266,22.1166667938232,1.78333330154419,20.3333339691162,4.99444437026978,16.2555561065674
"species",326,326,10.1197366714478,16.9684219360352,4.03070163726807,1123,183,25,62.2858619689941,532,99,105,465,7.92894744873047,35.8861351013184,533.448913574219,23.1157894134521,1.02105259895325,22.0947360992432,4.49736833572388,16.7210521697998
"species",327,327,10.0725002288818,15.1949996948242,5.52166652679443,773,131,18,65.7000198364258,380,67,67,337,6.87666654586792,38.5247459411621,402.213165283203,20.5599994659424,2.71000003814697,17.8499984741211,5.93666648864746,15.1949996948242
"species",328,328,2.64499998092651,10.8159999847412,-3.4006667137146,1571,252,25,65.8960113525391,737,105,105,684,12.2786664962769,42.735164642334,597.876892089844,20.431999206543,-8.30000019073486,28.7319984436035,-2.76933336257935,10.0539999008179
"species",329,329,6.04250001907349,14.6353330612183,-0.984666585922241,1124,197,10,73.937255859375,532,52,54,532,14.2116670608521,44.2896614074707,647.455444335938,25.2280006408691,-6.8600001335144,32.0880012512207,-0.984666585922241,14.0273332595825
"species",330,330,5.77250003814697,14.5873336791992,-2.19600009918213,825,147,10,72.6635665893555,396,47,48,396,15.6076669692993,44.7981262207031,689.538940429688,25.8159999847412,-9.02400016784668,34.8400001525879,-2.19600009918213,14.3646669387817
"species",331,331,5.82083320617676,14.3346662521362,-1.04533326625824,1079,188,10,72.9754257202148,509,53,55,509,13.9809999465942,44.299747467041,639.0263671875,24.7119998931885,-6.84800004959106,31.5599994659424,-1.04533326625824,13.7159996032715
"species",332,332,2.81166672706604,13.4899997711182,-7.92666673660278,654,82,36,28.0136585235596,228,114,118,216,15.4126663208008,38.2562217712402,871.398864746094,24.4400005340576,-15.8479995727539,40.2880020141602,-5.78266668319702,13.1339998245239
